Joining by: my_clustering
K value is 40 silhoutee total average is 0.320778 
[1] "Intra and Inter cluster distances are"
$intracls.complete
           c1       c2       c3       c4       c5       c6       c7       c8       c9      c10      c11      c12      c13
[1,] 758.3398 216.0586 223.3781 258.0913 181.3166 121.4731 220.5254 131.2065 939.5982 163.9183 122.2536 125.8444 396.2075

$intracls.average
           c1       c2       c3       c4       c5       c6       c7       c8       c9      c10      c11      c12      c13
[1,] 272.2534 49.18451 56.58002 84.11155 46.29674 34.67637 57.51891 37.96405 470.0397 42.74517 32.45188 37.27776 145.5052

$intracls.centroid
           c1       c2       c3       c4      c5       c6       c7       c8       c9      c10      c11      c12      c13
[1,] 197.6307 35.11045 39.96166 60.47381 33.2883 24.96717 41.14739 27.37667 291.2978 30.80011 23.46984 26.86036 105.4687

$intercls.single
            c1          c2          c3          c4          c5          c6          c7          c8        c9         c10
c1     0.00000  766.364503  648.917303  430.600919 1000.441759  845.220266 1059.444521  927.977962  131.1239  829.551921
c2   766.36450    0.000000    3.433340  118.528449  143.573327    4.367505  194.222289   73.997661 1650.9286    3.607550
c3   648.91730    3.433340    0.000000    4.849158  228.353959   82.004842  290.981379  155.879620 1531.6418   59.597021
c4   430.60092  118.528449    4.849158    0.000000  355.928251  196.973928  411.326998  283.149793 1313.3818  184.653962
c5  1000.44176  143.573327  228.353959  355.928251    0.000000   81.079643    5.181196    4.056542 1883.1937   70.501652
c6   845.22027    4.367505   82.004842  196.973928   81.079643    0.000000  132.450567   17.577364 1729.7603    3.158672
c7  1059.44452  194.222289  290.981379  411.326998    5.181196  132.450567    0.000000   59.975892 1942.3636  126.520790
c8   927.97796   73.997661  155.879620  283.149793    4.056542   17.577364   59.975892    0.000000 1810.8465    3.477065
c9   131.12393 1650.928621 1531.641758 1313.381845 1883.193721 1729.760342 1942.363574 1810.846464    0.0000 1711.583116
c10  829.55192    3.607550   59.597021  184.653962   70.501652    3.158672  126.520790    3.477065 1711.5831    0.000000
c11  924.51718   59.666660  156.080007  276.370216   30.071631    2.902406   75.110847    3.090997 1807.3747    3.041883
c12  983.61887  119.628016  216.381849  334.984562    3.668130   53.139467    5.312616    3.390687 1867.5403   53.004491
c13   38.68401  340.818240  221.384332   16.355345  575.138699  419.417346  633.044945  502.334024  918.2094  406.003779
            c11         c12       c13
c1   924.517180  983.618872  38.68401
c2    59.666660  119.628016 340.81824
c3   156.080007  216.381849 221.38433
c4   276.370216  334.984562  16.35535
c5    30.071631    3.668130 575.13870
c6     2.902406   53.139467 419.41735
c7    75.110847    5.312616 633.04495
c8     3.090997    3.390687 502.33402
c9  1807.374725 1867.540255 918.20939
c10    3.041883   53.004491 406.00378
c11    0.000000    3.365251 498.24114
c12    3.365251    0.000000 557.75836
c13  498.241143  557.758363   0.00000

$intercls.complete
          c1        c2        c3        c4        c5        c6        c7        c8       c9       c10       c11       c12
c1     0.000 1621.6692 1530.4972 1405.7656 1915.5034 1688.6504 1928.0641 1761.6978 1822.607 1691.9267 1740.7971 1820.0411
c2  1621.669    0.0000  264.4901  434.9833  431.4402  256.1873  441.9230  289.4669 2687.324  244.7842  297.0790  349.3569
c3  1530.497  264.4901    0.0000  360.9146  527.4142  329.5906  541.1716  372.7818 2594.616  314.0486  380.5606  440.9019
c4  1405.766  434.9833  360.9146    0.0000  734.5352  506.5069  744.1815  576.5336 2471.438  508.5750  559.1991  636.6987
c5  1915.503  431.4402  527.4142  734.5352    0.0000  374.6395  279.8451  244.1375 2978.976  328.8865  306.2208  271.6667
c6  1688.650  256.1873  329.5906  506.5069  374.6395    0.0000  371.7451  250.4260 2754.059  242.9691  164.7279  230.3846
c7  1928.064  441.9230  541.1716  744.1815  279.8451  371.7451    0.0000  319.3281 2993.724  406.3470  297.8888  258.4592
c8  1761.698  289.4669  372.7818  576.5336  244.1375  250.4260  319.3281    0.0000 2827.138  210.7360  229.4416  250.1161
c9  1822.607 2687.3242 2594.6155 2471.4379 2978.9762 2754.0593 2993.7245 2827.1383    0.000 2757.3824 2806.4754 2885.5022
c10 1691.927  244.7842  314.0486  508.5750  328.8865  242.9691  406.3470  210.7360 2757.382    0.0000  274.7291  320.8173
c11 1740.797  297.0790  380.5606  559.1991  306.2208  164.7279  297.8888  229.4416 2806.475  274.7291    0.0000  162.9536
c12 1820.041  349.3569  440.9019  636.6987  271.6667  230.3846  258.4592  250.1161 2885.502  320.8173  162.9536    0.0000
c13 1184.701  830.1388  740.0670  615.9149 1125.4289  899.4767 1137.3720  969.9039 2249.797  900.1403  951.3191 1030.4539
          c13
c1  1184.7012
c2   830.1388
c3   740.0670
c4   615.9149
c5  1125.4289
c6   899.4767
c7  1137.3720
c8   969.9039
c9  2249.7969
c10  900.1403
c11  951.3191
c12 1030.4539
c13    0.0000

$intercls.average
           c1         c2        c3        c4         c5         c6        c7         c8       c9        c10        c11
c1     0.0000 1085.01336  988.0660  845.8172 1307.66314 1165.26983 1373.5819 1235.42081 1040.404 1164.45056 1222.39899
c2  1085.0134    0.00000  107.1327  244.6018  230.14010   91.25655  292.5232  159.39791 2123.749   94.05637  143.18586
c3   988.0660  107.13267    0.0000  151.5063  324.40148  183.75644  389.0890  252.51220 2026.652  182.96731  238.82540
c4   845.8172  244.60183  151.5063    0.0000  466.12485  323.98179  531.1117  393.96231 1884.079  323.47971  380.29373
c5  1307.6631  230.14010  324.4015  466.1249    0.00000  161.44939  101.1184   80.83068 2346.131  148.18735  110.85388
c6  1165.2698   91.25655  183.7564  323.9818  161.44939    0.00000  212.0928   98.58391 2204.119   65.35910   64.12850
c7  1373.5819  292.52316  389.0890  531.1117  101.11844  212.09275    0.0000  154.09712 2412.478  218.68648  156.05471
c8  1235.4208  159.39791  252.5122  393.9623   80.83068   98.58391  154.0971    0.00000 2273.968   79.22469   65.01902
c9  1040.4038 2123.74853 2026.6523 1884.0793 2346.13072 2204.11899 2412.4784 2273.96793    0.000 2203.01577 2261.32025
c10 1164.4506   94.05637  182.9673  323.4797  148.18735   65.35910  218.6865   79.22469 2203.016    0.00000   82.45505
c11 1222.3990  143.18586  238.8254  380.2937  110.85388   64.12850  156.0547   65.01902 2261.320   82.45505    0.00000
c12 1281.2226  200.73531  297.0761  438.8723   78.03542  119.76049  100.7753   79.91915 2320.162  131.86151   66.14425
c13  549.6100  540.55867  444.1751  304.4153  762.94753  620.67892  828.5851  690.70613 1586.157  619.85997  677.53609
           c12       c13
c1  1281.22263  549.6100
c2   200.73531  540.5587
c3   297.07611  444.1751
c4   438.87229  304.4153
c5    78.03542  762.9475
c6   119.76049  620.6789
c7   100.77528  828.5851
c8    79.91915  690.7061
c9  2320.16211 1586.1574
c10  131.86151  619.8600
c11   66.14425  677.5361
c12    0.00000  736.2755
c13  736.27554    0.0000

$intercls.centroid
           c1         c2         c3        c4         c5         c6         c7         c8       c9        c10        c11
c1     0.0000 1083.96406  986.84972  844.1439 1306.85073 1164.53708 1372.66051 1234.63336 1039.547 1163.57002 1221.69094
c2  1083.9641    0.00000   97.26255  239.8400  226.72524   84.12220  289.04017  154.88966 2123.500   85.20802  138.86002
c3   986.8497   97.26255    0.00000  142.7256  321.77914  179.97756  386.29423  249.42304 2026.368  178.26871  235.92368
c4   844.1439  239.84002  142.72558    0.0000  463.91597  321.31790  528.73665  391.53860 1883.676  320.31634  378.01210
c5  1306.8507  226.72524  321.77914  463.9160    0.00000  158.41749   90.00365   72.40437 2345.958  143.61722  106.24860
c6  1164.5371   84.12220  179.97756  321.3179  158.41749    0.00000  208.61853   94.25777 2203.991   56.54573   57.62168
c7  1372.6605  289.04017  386.29423  528.7367   90.00365  208.61853    0.00000  148.51938 2412.192  214.58022  151.18043
c8  1234.6334  154.88966  249.42304  391.5386   72.40437   94.25777  148.51938    0.00000 2273.828   71.22396   58.45727
c9  1039.5469 2123.49977 2026.36812 1883.6759 2345.95761 2203.99081 2412.19229 2273.82765    0.000 2202.84587 2261.19209
c10 1163.5700   85.20802  178.26871  320.3163  143.61722   56.54573  214.58022   71.22396 2202.846    0.00000   77.05472
c11 1221.6909  138.86002  235.92368  378.0121  106.24860   57.62168  151.18043   58.45727 2261.192   77.05472    0.00000
c12 1280.5140  197.41202  294.59616  436.7982   70.37966  116.22013   92.41142   74.45865 2320.018  128.01351   58.86697
c13  545.9994  537.98130  440.85576  298.1488  761.27628  618.89803  826.77365  688.97456 1585.532  617.82934  675.89733
           c12       c13
c1  1280.51401  545.9994
c2   197.41202  537.9813
c3   294.59616  440.8558
c4   436.79816  298.1488
c5    70.37966  761.2763
c6   116.22013  618.8980
c7    92.41142  826.7736
c8    74.45865  688.9746
c9  2320.01763 1585.5315
c10  128.01351  617.8293
c11   58.86697  675.8973
c12    0.00000  734.7132
c13  734.71322    0.0000

$intercls.ave_to_cent
           c1         c2        c3        c4         c5         c6         c7         c8       c9        c10        c11
c1     0.0000 1084.38084  987.3584  844.9410 1307.12922 1164.69349 1373.09234 1234.85706 1040.089 1163.85291 1221.85174
c2  1084.3808    0.00000  102.0614  241.8821  228.46894   87.52521  290.70179  157.07105 2123.709   89.56306  140.75556
c3   987.3584  102.06138    0.0000  146.5198  323.07014  181.58270  387.68138  250.79602 2026.611  180.47689  237.02993
c4   844.9410  241.88213  146.5198    0.0000  464.82185  322.09715  529.88521  392.36731 1884.024  321.51575  378.63394
c5  1307.1292  228.46894  323.0701  464.8218    0.00000  159.79913   95.40981   76.44875 2346.108  145.87157  108.26461
c6  1164.6935   87.52521  181.5827  322.0971  159.79913    0.00000  209.99813   96.41192 2204.069   60.88826   60.86319
c7  1373.0923  290.70179  387.6814  529.8852   95.40981  209.99813    0.00000  150.78623 2412.436  216.39152  152.93982
c8  1234.8571  157.07105  250.7960  392.3673   76.44875   96.41192  150.78623    0.00000 2273.946   75.15059   61.54894
c9  1040.0894 2123.70898 2026.6114 1884.0238 2346.10839 2204.06901 2412.43598 2273.94550    0.000 2202.99074 2261.27661
c10 1163.8529   89.56306  180.4769  321.5157  145.87157   60.88826  216.39152   75.15059 2202.991    0.00000   79.48205
c11 1221.8517  140.75556  237.0299  378.6339  108.26461   60.86319  152.93982   61.54894 2261.277   79.48205    0.00000
c12 1280.7022  198.95792  295.6310  437.4451   73.89630  118.02289   95.73233   77.08065 2320.119  129.87639   62.44266
c13  547.5839  538.86323  442.0649  300.7066  761.79315  619.23605  827.52188  689.40547 1586.049  618.40324  676.20993
           c12       c13
c1  1280.70220  547.5839
c2   198.95792  538.8632
c3   295.63099  442.0649
c4   437.44513  300.7066
c5    73.89630  761.7931
c6   118.02289  619.2361
c7    95.73233  827.5219
c8    77.08065  689.4055
c9  2320.11895 1586.0488
c10  129.87639  618.4032
c11   62.44266  676.2099
c12    0.00000  735.0642
c13  735.06417    0.0000

$intercls.hausdorff
           c1         c2         c3        c4         c5        c6         c7        c8        c9        c10        c11
c1     0.0000 1523.22068 1405.87106 1186.8458 1758.70591 1602.2179 1815.76065 1686.1862  885.6101 1587.88939 1680.80776
c2   865.3504    0.00000   97.24384  217.5938  253.65693  156.7976  307.39154  188.0609 1748.3411  115.51829  188.45874
c3   772.2268  122.39560    0.00000  128.1548  358.24073  234.0061  412.26593  287.0969 1655.0437  210.06784  285.16105
c4   649.5182  338.33280  219.30979    0.0000  574.87925  418.3468  629.00457  502.6252 1533.0988  412.72631  494.05416
c5  1157.1692  317.32823  385.43985  512.2241    0.00000  258.2566  128.76222  159.8217 2039.5580  231.06924  210.73424
c6   931.5976   90.27437  169.14835  283.9209  193.40484    0.0000  219.87893  138.3523 1816.5414   97.39776   88.74463
c7  1171.7346  320.61606  405.73707  524.5807  144.67857  259.1624    0.00000  196.7633 2055.2169  255.70402  208.28634
c8  1005.2181  163.66967  235.86466  357.0905   74.34376  133.1107  177.45892    0.0000 1887.7878   72.59735  117.28514
c9  1065.6969 2588.76405 2471.09428 2252.4400 2822.73197 2667.6193 2881.40553 2750.4266    0.0000 2650.78215 2746.43589
c10  935.5491  101.66988  166.24357  287.3135  176.29198  140.1427  269.36319  106.6701 1818.0536    0.00000  158.81485
c11  984.5125  144.56445  219.70754  336.3033  131.41243   59.4477  135.05769  103.2616 1867.8468  113.50709    0.00000
c12 1063.0351  208.72773  299.77086  415.1992  111.86229  133.6823   81.75975  122.5985 1947.8251  159.34930   81.88597
c13  427.5813  733.27220  614.15719  395.1850  968.11556  812.1313 1024.18449  895.3934 1311.1161  798.14231  889.21084
           c12       c13
c1  1740.58864  791.8048
c2   238.62060  439.6852
c3   339.11950  347.3812
c4   554.31216  225.5759
c5   158.34185  732.6365
c6   139.78869  505.7382
c7   147.08970  746.1820
c8   126.21934  577.6587
c9  2806.02898 1857.2975
c10  204.73171  507.9783
c11   61.01181  559.8552
c12    0.00000  637.1948
c13  949.37218    0.0000

$cluster.center
         [,1]       [,2]     [,3]       [,4]     [,5]
c1  115.74854 -16.202909 3.785009 1444.77890 5.854671
c2  122.87376 -10.373937 3.750284  360.85397 6.131425
c3  127.34021 -10.524358 3.759600  458.01369 6.274079
c4  123.85697 -12.597361 3.738268  600.68166 6.168123
c5  169.92805 -10.076819 3.173428  139.06626 5.984426
c6   98.34531 -10.120401 3.664948  280.38777 5.996098
c7  109.90541 -14.288765 3.118339   72.13233 5.768962
c8  162.17109  -8.774370 3.574886  211.04100 6.034269
c9  112.88500 -16.329736 3.624731 2484.32186 5.789542
c10 154.86389  -9.219973 3.746821  281.88751 6.054495
c11 104.98659  -9.446996 3.640848  223.15406 5.993953
c12 104.25137 -11.421439 3.353674  164.32551 5.976458
c13 121.98636 -14.675207 3.755152  898.81733 6.033017

$cluster.size
 [1]   25 1160  701  234  809 1350  601 1511    5 1235 2245 1866   66

attr(,"class")
[1] "cls.list"
For Given K is 40 ..Total execution time is 58.74 Total memory used 2736.6 
Joining by: my_clustering
K value is 45 silhoutee total average is 0.324856 
[1] "Intra and Inter cluster distances are"
$intracls.complete
           c1       c2       c3       c4       c5       c6       c7       c8       c9      c10      c11      c12      c13
[1,] 266.8318 156.3977 223.9888 173.7926 395.5849 664.3853 126.2495 123.1876 231.9167 998.0825 117.9651 122.1614 209.6581

$intracls.average
           c1       c2       c3       c4       c5       c6       c7      c8       c9      c10      c11      c12      c13
[1,] 89.76117 43.42188 58.36488 46.76974 144.6595 258.3124 37.36981 36.2499 58.48155 499.5636 32.51625 37.28894 50.08542

$intracls.centroid
           c1       c2       c3       c4       c5       c6       c7       c8       c9      c10      c11      c12      c13
[1,] 64.80924 31.21021 41.79914 33.61752 104.0686 185.3811 27.05934 26.18606 41.29287 311.1479 23.43588 26.88152 35.56221

$intercls.single
             c1          c2          c3          c4        c5         c6          c7          c8          c9       c10
c1     0.000000  194.539636  427.182614  353.900184  20.02468  431.43116  209.536773  294.305723    5.742789 1220.6064
c2   194.539636    0.000000  128.946257   20.683098 439.59489  858.82017    3.077301    3.584142   67.164774 1645.7283
c3   427.182614  128.946257    0.000000    4.921875 668.82736 1091.02588  131.805372   56.692573  299.157184 1879.8952
c4   353.900184   20.683098    4.921875    0.000000 598.09713 1018.18666   80.809135    4.050471  223.408509 1805.8833
c5    20.024678  439.594890  668.827357  598.097132   0.00000   44.83279  453.574053  535.870070  244.164167  818.1317
c6   431.431162  858.820173 1091.025877 1018.186658  44.83279    0.00000  868.459490  958.390946  665.530917  129.5792
c7   209.536773    3.077301  131.805372   80.809135 453.57405  868.45949    0.000000    3.687129   83.192001 1660.4640
c8   294.305723    3.584142   56.692573    4.050471 535.87007  958.39095    3.687129    0.000000  166.367359 1746.8738
c9     5.742789   67.164774  299.157184  223.408509 244.16417  665.53092   83.192001  166.367359    0.000000 1454.3301
c10 1220.606380 1645.728282 1879.895162 1805.883289 818.13169  129.57917 1660.463993 1746.873764 1454.330071    0.0000
c11  287.009469    4.684498   74.889204   34.455087 530.27157  948.65922    2.834960    3.106077  160.043607 1739.9218
c12  351.601964   59.272642    5.366865    4.410845 593.13197 1014.32118   58.044832    3.525639  223.859001 1804.1332
c13  128.373528    4.592400  204.288566  146.715465 369.89705  790.43967    3.892346   71.276305    3.684366 1580.9957
            c11         c12         c13
c1   287.009469  351.601964  128.373528
c2     4.684498   59.272642    4.592400
c3    74.889204    5.366865  204.288566
c4    34.455087    4.410845  146.715465
c5   530.271573  593.131972  369.897047
c6   948.659222 1014.321180  790.439667
c7     2.834960   58.044832    3.892346
c8     3.106077    3.525639   71.276305
c9   160.043607  223.859001    3.684366
c10 1739.921784 1804.133207 1580.995667
c11    0.000000    3.195862   68.841462
c12    3.195862    0.000000  131.429986
c13   68.841462  131.429986    0.000000

$intercls.complete
           c1        c2        c3        c4        c5       c6        c7        c8        c9      c10       c11       c12
c1     0.0000  581.1233  777.4265  757.6683  640.6908 1328.011  530.6205  605.9719  387.9886 2450.989  598.7985  673.7542
c2   581.1233    0.0000  405.5878  322.7696  974.8316 1662.882  241.9869  211.8570  381.1192 2783.968  273.8740  320.5266
c3   777.4265  405.5878    0.0000  284.6007 1176.7212 1868.207  378.9272  294.4944  569.9541 2992.568  309.0334  260.3057
c4   757.6683  322.7696  284.6007    0.0000 1155.1133 1843.903  372.1090  248.6422  544.4311 2965.280  307.9874  266.9604
c5   640.6908  974.8316 1176.7212 1155.1133    0.0000 1084.896  930.4441 1007.9360  770.1631 2209.088  989.0886 1070.4523
c6  1328.0111 1662.8817 1868.2073 1843.9026 1084.8957    0.000 1621.9206 1699.3161 1459.4496 1788.728 1679.4735 1760.7462
c7   530.6205  241.9869  378.9272  372.1090  930.4441 1621.921    0.0000  239.2757  346.5907 2746.164  168.4105  236.5555
c8   605.9719  211.8570  294.4944  248.6422 1007.9360 1699.316  239.2757    0.0000  388.4712 2823.345  213.1612  229.4666
c9   387.9886  381.1192  569.9541  544.4311  770.1631 1459.450  346.5907  388.4712    0.0000 2581.790  408.4502  474.3142
c10 2450.9889 2783.9684 2992.5682 2965.2805 2209.0877 1788.728 2746.1639 2823.3450 2581.7896    0.000 2803.8021 2885.0980
c11  598.7985  273.8740  309.0334  307.9874  989.0886 1679.474  168.4105  213.1612  408.4502 2803.802    0.0000  165.8547
c12  673.7542  320.5266  260.3057  266.9604 1070.4523 1760.746  236.5555  229.4666  474.3142 2885.098  165.8547    0.0000
c13  456.7742  286.6675  445.6297  435.0281  858.6084 1549.980  250.6262  288.9822  278.1922 2674.024  301.2907  355.9633
          c13
c1   456.7742
c2   286.6675
c3   445.6297
c4   435.0281
c5   858.6084
c6  1549.9798
c7   250.6262
c8   288.9822
c9   278.1922
c10 2674.0242
c11  301.2907
c12  355.9633
c13    0.0000

$intercls.average
           c1         c2        c3         c4        c5        c6         c7         c8        c9       c10        c11
c1     0.0000  352.06069  554.6498  485.45522  316.9638  839.4442  338.19962  415.72763  165.0021 1820.9834  400.55756
c2   352.0607    0.00000  216.4169  139.41508  661.1329 1186.2746   69.80760   75.05844  198.1408 2167.9613   87.02929
c3   554.6498  216.41689    0.0000  104.04542  865.1473 1390.8211  221.03620  151.23428  398.6241 2373.0357  159.75530
c4   485.4552  139.41508  104.0454    0.00000  795.2161 1320.5541  164.19118   79.51640  329.9827 2302.2565  114.59920
c5   316.9638  661.13291  865.1473  795.21610    0.0000  530.0441  648.05601  725.85867  470.8926 1509.8971  710.70434
c6   839.4442 1186.27464 1390.8211 1320.55406  530.0441    0.0000 1173.48733 1251.44637  995.6554  983.7378 1236.21770
c7   338.1996   69.80760  221.0362  164.19118  648.0560 1173.4873    0.00000   95.71099  183.6947 2155.6855   69.14255
c8   415.7276   75.05844  151.2343   79.51640  725.8587 1251.4464   95.71099    0.00000  260.0127 2233.4339   61.36076
c9   165.0021  198.14075  398.6241  329.98268  470.8926  995.6554  183.69469  260.01268    0.0000 1977.5406  245.27976
c10 1820.9834 2167.96129 2373.0357 2302.25650 1509.8971  983.7378 2155.68554 2233.43386 1977.5406    0.0000 2218.45052
c11  400.5576   87.02929  159.7553  114.59920  710.7043 1236.2177   69.14255   61.36076  245.2798 2218.4505    0.00000
c12  463.3916  133.47550  100.2835   79.51643  773.7983 1299.4335  129.47723   75.11820  307.6086 2281.6992   69.74186
c13  260.3751  107.21406  300.3138  233.60599  569.3387 1094.5586   89.89768  163.54396  109.1410 2076.5808  148.32404
           c12        c13
c1   463.39157  260.37514
c2   133.47550  107.21406
c3   100.28349  300.31379
c4    79.51643  233.60599
c5   773.79831  569.33874
c6  1299.43351 1094.55861
c7   129.47723   89.89768
c8    75.11820  163.54396
c9   307.60860  109.14105
c10 2281.69920 2076.58077
c11   69.74186  148.32404
c12    0.00000  209.63762
c13  209.63762    0.00000

$intercls.centroid
           c1         c2         c3         c4        c5        c6         c7         c8         c9       c10        c11
c1     0.0000  349.11598  552.30908  483.31435  311.2645  837.7403  335.51472  413.49091  156.71510 1820.5712  398.41558
c2   349.1160    0.00000  212.06734  134.38315  659.3771 1185.4045   61.00048   66.81527  193.74003 2167.7987   81.93681
c3   552.3091  212.06734    0.00000   93.27827  863.4922 1389.8987  217.40425  145.53422  395.80477 2372.7491  155.00105
c4   483.3144  134.38315   93.27827    0.00000  793.7445 1319.7594  160.81216   71.17729  327.36224 2302.0935  109.91772
c5   311.2645  659.37715  863.49218  793.74449    0.0000  526.4775  646.45173  724.39870  467.96659 1509.3111  709.30614
c6   837.7403 1185.40455 1389.89867 1319.75943  526.4775    0.0000 1172.73736 1250.70673  994.44008  982.8531 1235.54141
c7   335.5147   61.00048  217.40425  160.81216  646.4517 1172.7374    0.00000   91.16155  179.66915 2155.5578   62.90411
c8   413.4909   66.81527  145.53422   71.17729  724.3987 1250.7067   91.16155    0.00000  257.09482 2233.3140   54.30034
c9   156.7151  193.74003  395.80477  327.36224  467.9666  994.4401  179.66915  257.09482    0.00000 1977.2564  242.49994
c10 1820.5712 2167.79867 2372.74906 2302.09352 1509.3111  982.8531 2155.55784 2233.31399 1977.25642    0.0000 2218.34276
c11  398.4156   81.93681  155.00105  109.91772  709.3061 1235.5414   62.90411   54.30034  242.49994 2218.3428    0.00000
c12  461.4212  129.58371   91.69115   71.67773  772.4457 1298.7479  126.02562   69.15310  305.20504 2281.5709   63.35492
c13  255.7630   99.34266  296.71792  230.11077  567.0255 1093.4973   81.67886  159.21024   99.10799 2076.3274  144.01687
           c12        c13
c1   461.42120  255.76296
c2   129.58371   99.34266
c3    91.69115  296.71792
c4    71.67773  230.11077
c5   772.44568  567.02548
c6  1298.74790 1093.49731
c7   126.02562   81.67886
c8    69.15310  159.21024
c9   305.20504   99.10799
c10 2281.57092 2076.32737
c11   63.35492  144.01687
c12    0.00000  206.31197
c13  206.31197    0.00000

$intercls.ave_to_cent
           c1         c2         c3         c4        c5        c6         c7         c8        c9       c10        c11
c1     0.0000  350.22801  553.44258  484.16010  313.7159  838.5672  336.31319  414.18063  160.2955 1820.9387  398.94972
c2   350.2280    0.00000  214.06876  136.87972  659.9118 1185.6840   65.25597   70.78316  195.8318 2167.9466   84.18619
c3   553.4426  214.06876    0.00000   98.45083  864.2217 1390.3424  218.85577  147.76524  397.2078 2373.0072  156.67567
c4   484.1601  136.87972   98.45083    0.00000  794.2163 1320.0267  162.36872   75.09405  328.6385 2302.2422  111.94315
c5   313.7159  659.91176  864.22171  794.21625    0.0000  528.0169  646.81403  724.75611  469.1186 1509.7959  709.56961
c6   838.5672 1185.68398 1390.34237 1320.02669  528.0169    0.0000 1172.92222 1250.90307  994.9603  983.3929 1235.68273
c7   336.3132   65.25597  218.85577  162.36872  646.8140 1172.9222    0.00000   93.39852  181.3608 2155.6550   65.89042
c8   414.1806   70.78316  147.76524   75.09405  724.7561 1250.9031   93.39852    0.00000  258.3155 2233.4212   57.74731
c9   160.2955  195.83183  397.20778  328.63846  469.1186  994.9603  181.36076  258.31554    0.0000 1977.5132  243.52268
c10 1820.9387 2167.94660 2373.00717 2302.24221 1509.7959  983.3929 2155.65502 2233.42121 1977.5132    0.0000 2218.41916
c11  398.9497   84.18619  156.67567  111.94315  709.5696 1235.6827   65.89042   57.74731  243.5227 2218.4192    0.00000
c12  462.0060  131.43271   95.05744   75.22646  772.7624 1298.9265  127.74688   72.03790  306.1848 2281.6703   66.44610
c13  257.7614  103.25833  298.45355  231.88782  567.8995 1093.9368   85.51137  161.21582  103.9919 2076.5556  145.84362
           c12        c13
c1   462.00598  257.76140
c2   131.43271  103.25833
c3    95.05744  298.45355
c4    75.22646  231.88782
c5   772.76239  567.89954
c6  1298.92649 1093.93679
c7   127.74688   85.51137
c8    72.03790  161.21582
c9   306.18480  103.99188
c10 2281.67027 2076.55561
c11   66.44610  145.84362
c12    0.00000  207.82025
c13  207.82025    0.00000

$intercls.hausdorff
           c1         c2        c3         c4        c5        c6         c7        c8         c9       c10        c11
c1     0.0000  442.39479  659.8839  596.57896  245.1393  664.4944  446.56223  527.1693  234.65925 1453.4185  519.98825
c2   334.8916    0.00000  266.5502  161.14798  579.4257  999.3282  124.74390  130.1466  205.44176 1786.7596  159.88211
c3   541.9373  259.10685    0.0000  146.78799  783.5540 1205.0374  260.47025  194.5548  414.23668 1994.6350  212.21936
c4   515.9836  181.42550  133.9423    0.00000  760.0644 1180.2294  249.67460  162.9330  384.99289 1967.9754  207.54232
c5   402.5310  835.17662 1062.2022  993.33391    0.0000  423.1083  843.01586  929.3047  637.08274 1211.0995  921.89424
c6  1093.9879 1522.12620 1753.6842 1681.83213  691.4965    0.0000 1532.84095 1620.7468 1328.56453  792.2122 1612.76521
c7   295.4751  106.21990  229.1689  198.85001  537.0845  959.3257    0.00000  126.2683  167.77210 1748.1635   82.02275
c8   372.9814   73.32992  148.8576   80.59775  614.4524 1036.6496  117.74049    0.0000  243.90739 1825.2787  112.54334
c9   135.5968  237.44183  437.5835  378.58903  375.3501  795.6936  244.21058  307.5507    0.00000 1584.0299  309.50489
c10 2218.3973 2642.76007 2877.9111 2803.22507 1815.8747 1124.5091 2657.11508 2744.9064 2452.37399    0.0000 2737.25287
c11  356.2407  119.78816  147.5684  135.82540  600.0079 1016.5050   70.09605   98.8708  230.22127 1806.4386    0.00000
c12  436.0444  167.59303   81.4168  112.66631  680.1552 1096.3861  150.96162  111.2070  309.57297 1888.2277   82.58397
c13  223.7550  138.60785  308.8235  264.23409  465.1232  887.3791  134.15305  186.9040   95.25446 1675.9638  191.11288
           c12        c13
c1   583.64060  360.97895
c2   207.95246  140.08706
c3   148.73406  328.39700
c4   152.15047  309.61726
c5   986.15103  763.23092
c6  1677.62099 1454.67107
c7   149.96523   82.20906
c8   108.64661  150.82706
c9   369.98602  130.48177
c10 2802.01434 2578.97733
c11   68.85175  151.24010
c12    0.00000  227.72771
c13  245.73632    0.00000

$cluster.center
        [,1]       [,2]     [,3]       [,4]     [,5]
c1  123.4679 -12.905804 3.742012  625.36315 6.086699
c2  164.7779  -9.166019 3.765141  278.72003 5.986107
c3  112.9054 -14.183684 3.114554   73.15698 5.814114
c4  172.7588 -10.009724 3.214876  144.57786 5.991704
c5  120.8902 -14.686610 3.760120  936.61183 6.020557
c6  114.8835 -16.320407 3.777335 1463.05244 5.787406
c7  104.9079 -10.067238 3.688510  290.37421 6.038197
c8  153.0144  -8.784308 3.576168  212.94986 6.054354
c9  126.8256 -10.653844 3.757371  468.70034 6.287619
c10 113.7010 -16.400291 3.659423 2445.90480 5.865151
c11 100.7369  -9.590702 3.639388  227.61038 5.993835
c12 103.8797 -11.419134 3.365258  164.36048 5.949142
c13 124.7105 -10.426050 3.753934  369.61524 6.179137

$cluster.size
 [1]  176  878  546  743   52   19 1327 1515  587    5 1869 1655  960

attr(,"class")
[1] "cls.list"
For Given K is 45 ..Total execution time is 79.68 Total memory used 2392.8 
Joining by: my_clustering
K value is 55 silhoutee total average is 0.320032 
[1] "Intra and Inter cluster distances are"
$intracls.complete
           c1       c2       c3       c4       c5       c6       c7     c8       c9      c10      c11   c12      c13
[1,] 227.9967 195.4925 133.8375 160.2858 120.5455 246.1415 621.0882 130.66 223.9259 166.8846 1214.724 338.9 128.9954

$intracls.average
           c1       c2       c3       c4       c5       c6       c7       c8       c9      c10      c11      c12      c13
[1,] 58.63684 47.31432 37.81305 46.35574 32.50712 79.69833 214.2372 37.43553 56.72056 43.66281 558.0865 128.6709 35.45595

$intracls.centroid
           c1       c2       c3       c4       c5       c6       c7       c8     c9      c10      c11      c12      c13
[1,] 41.92061 33.98341 27.23627 33.35112 23.44074 57.13411 151.1404 26.93396 39.995 31.38432 379.5795 93.06894 25.58331

$intercls.single
             c1          c2          c3          c4          c5          c6        c7          c8          c9         c10
c1     0.000000  194.168650   63.926890    6.197771   74.509020  403.041405 961.99507    5.845005  286.234937  136.931352
c2   194.168650    0.000000   62.732149  137.994893   63.022784  114.748220 671.46105  120.719948    4.125167    4.683483
c3    63.926890   62.732149    0.000000    4.218672    3.237119  269.182968 828.84666    3.895229  149.894164    3.809359
c4     6.197771  137.994893    4.218672    0.000000   22.518185  339.493930 902.60251    3.903142  214.591996   65.945656
c5    74.509020   63.022784    3.237119   22.518185    0.000000  272.045014 831.27593    3.612163  154.560437    7.568595
c6   403.041405  114.748220  269.182968  339.493930  272.045014    0.000000 365.16731  330.029098    6.078897  156.639670
c7   961.995069  671.461050  828.846657  902.602513  831.275925  365.167312   0.00000  888.515761  561.305643  716.668381
c8     5.845005  120.719948    3.895229    3.903142    3.612163  330.029098 888.51576    0.000000  213.331412   64.115207
c9   286.234937    4.125167  149.894164  214.591996  154.560437    6.078897 561.30564  213.331412    0.000000   19.678840
c10  136.931352    4.683483    3.809359   65.945656    7.568595  156.639670 716.66838   64.115207   19.678840    0.000000
c11 1673.832029 1383.958625 1539.959060 1610.652070 1542.929162 1074.680868  92.92224 1600.864182 1272.602883 1418.547053
c12  607.843650  317.666493  475.611473  549.225166  477.010928   18.421644  41.69206  534.236883  207.510639  361.197981
c13  131.533302    4.729702    4.640583   73.513473    3.368324  196.395480 751.41712   57.950513   86.352377    3.998110
           c11       c12         c13
c1  1673.83203 607.84365  131.533302
c2  1383.95862 317.66649    4.729702
c3  1539.95906 475.61147    4.640583
c4  1610.65207 549.22517   73.513473
c5  1542.92916 477.01093    3.368324
c6  1074.68087  18.42164  196.395480
c7    92.92224  41.69206  751.417116
c8  1600.86418 534.23688   57.950513
c9  1272.60288 207.51064   86.352377
c10 1418.54705 361.19798    3.998110
c11    0.00000 733.49763 1463.673439
c12  733.49763   0.00000  398.379958
c13 1463.67344 398.37996    0.000000

$intercls.complete
           c1        c2        c3        c4        c5        c6        c7        c8        c9       c10      c11
c1     0.0000  428.2342  324.3045  285.2714  306.6951  715.4578 1692.9525  260.8056  537.2942  426.6445 2999.108
c2   428.2342    0.0000  282.0928  403.9739  278.5147  407.6487 1388.6045  340.3725  253.6855  245.5538 2694.759
c3   324.3045  282.0928    0.0000  231.0472  229.9684  544.7762 1522.8642  261.5469  369.8285  227.8114 2828.665
c4   285.2714  403.9739  231.0472    0.0000  285.1807  689.2404 1665.4103  247.6723  503.0176  343.0979 2969.063
c5   306.6951  278.5147  229.9684  285.1807    0.0000  534.9878 1509.4253  173.6118  374.1037  285.9651 2815.641
c6   715.4578  407.6487  544.7762  689.2404  534.9878    0.0000 1179.3058  614.2189  354.1863  489.7675 2485.367
c7  1692.9525 1388.6045 1522.8642 1665.4103 1509.4253 1179.3058    0.0000 1587.7735 1306.3285 1455.5233 1927.211
c8   260.8056  340.3725  261.5469  247.6723  173.6118  614.2189 1587.7735    0.0000  445.3679  345.2803 2893.887
c9   537.2942  253.6855  369.8285  503.0176  374.1037  354.1863 1306.3285  445.3679    0.0000  322.1995 2608.288
c10  426.6445  245.5538  227.8114  343.0979  285.9651  489.7675 1455.5233  345.2803  322.1995    0.0000 2758.166
c11 2999.1083 2694.7595 2828.6650 2969.0628 2815.6410 2485.3669 1927.2110 2893.8873 2608.2880 2758.1660    0.000
c12 1053.2526  747.5840  881.6120 1025.3622  869.5695  538.7923  975.1738  949.1469  668.9255  816.7674 2281.423
c13  369.8559  231.7966  246.0248  346.1806  166.2794  474.7987 1451.5463  223.0771  315.6822  242.5970 2757.807
          c12       c13
c1  1053.2526  369.8559
c2   747.5840  231.7966
c3   881.6120  246.0248
c4  1025.3622  346.1806
c5   869.5695  166.2794
c6   538.7923  474.7987
c7   975.1738 1451.5463
c8   949.1469  223.0771
c9   668.9255  315.6822
c10  816.7674  242.5970
c11 2281.4229 2757.8068
c12    0.0000  811.7022
c13  811.7022    0.0000

$intercls.average
           c1         c2         c3         c4         c5        c6        c7         c8        c9        c10       c11
c1     0.0000  289.49560  158.42284  104.44463  154.06628  520.0577 1228.5103  100.00167  383.9381  226.81870 2157.5866
c2   289.4956    0.00000  150.92997  223.26104  142.26336  236.1753  942.7074  198.89576  104.8649   90.43852 1871.6347
c3   158.4228  150.92997    0.00000   81.83368   63.45265  376.5666 1084.3084   83.06927  241.0561   79.73314 2012.8868
c4   104.4446  223.26104   81.83368    0.00000  107.09993  449.9648 1157.6161   77.63729  314.2630  149.48413 2086.0058
c5   154.0663  142.26336   63.45265  107.09993    0.00000  371.7829 1079.7756   65.35014  236.3680   95.00229 2008.9211
c6   520.0577  236.17533  376.56656  449.96479  371.78288    0.0000  712.0242  429.30931  145.9655  306.34106 1640.3483
c7  1228.5103  942.70742 1084.30835 1157.61612 1079.77559  712.0242    0.0000 1137.61626  848.4292 1012.81567  931.0308
c8   100.0017  198.89576   83.06927   77.63729   65.35014  429.3093 1137.6163    0.00000  293.4584  142.45286 2066.7806
c9   383.9381  104.86485  241.05606  314.26300  236.36804  145.9655  848.4292  293.45840    0.0000  172.68455 1777.0957
c10  226.8187   90.43852   79.73314  149.48413   95.00229  306.3411 1012.8157  142.45286  172.6845    0.00000 1941.1917
c11 2157.5866 1871.63469 2012.88676 2086.00578 2008.92105 1640.3483  931.0308 2066.78058 1777.0957 1941.19171    0.0000
c12  782.4527  497.16534  638.38473  711.73618  633.90199  269.7229  451.2164  691.62850  403.5254  567.26546 1377.5857
c13  209.4057   89.38597   87.80959  153.13318   63.72642  315.7036 1023.1232  118.46701  181.2733   69.01261 1952.2237
          c12        c13
c1   782.4527  209.40574
c2   497.1653   89.38597
c3   638.3847   87.80959
c4   711.7362  153.13318
c5   633.9020   63.72642
c6   269.7229  315.70355
c7   451.2164 1023.12319
c8   691.6285  118.46701
c9   403.5254  181.27332
c10  567.2655   69.01261
c11 1377.5857 1952.22370
c12    0.0000  577.43066
c13  577.4307    0.00000

$intercls.centroid
            c1         c2         c3         c4         c5        c6        c7         c8         c9        c10       c11
c1     0.00000  286.00689  152.76655   93.59373  148.85281  517.5726 1227.4903   91.03749  380.89481  222.61586 2157.1263
c2   286.00689    0.00000  146.62314  220.01361  138.29362  231.5962  941.6290  195.79750   95.03191   81.37068 1871.2405
c3   152.76655  146.62314    0.00000   73.77202   56.64881  374.1325 1083.4870   77.72362  237.77355   71.86441 2012.5964
c4    93.59373  220.01361   73.77202    0.00000  102.38039  447.7579 1156.7723   69.69495  311.51433  144.95025 2085.6824
c5   148.85281  138.29362   56.64881  102.38039    0.00000  369.5070 1079.0337   57.89591  233.30183   90.23429 2008.6513
c6   517.57260  231.59618  374.13249  447.75785  369.50699    0.0000  710.1496  427.22498  136.91156  303.00746 1639.7185
c7  1227.49031  941.62905 1083.48704 1156.77234 1079.03371  710.1496    0.0000 1136.86915  847.05300 1011.84722  929.6371
c8    91.03749  195.79750   77.72362   69.69495   57.89591  427.2250 1136.8692    0.00000  290.82422  138.84512 2066.4953
c9   380.89481   95.03191  237.77355  311.51433  233.30183  136.9116  847.0530  290.82422    0.00000  167.39119 1776.6001
c10  222.61586   81.37068   71.86441  144.95025   90.23429  303.0075 1011.8472  138.84512  167.39119    0.00000 1940.8469
c11 2157.12630 1871.24054 2012.59637 2085.68235 2008.65134 1639.7185  929.6371 2066.49526 1776.60009 1940.84687    0.0000
c12  780.54772  494.61308  636.60150  710.02116  632.26094  263.0681  447.0947  690.05458  399.96585  565.08521 1376.6553
c13  205.50648   82.35319   83.11198  149.86049   56.72634  312.9418 1022.3223  114.60048  177.08354   60.79751 1951.9361
          c12        c13
c1   780.5477  205.50648
c2   494.6131   82.35319
c3   636.6015   83.11198
c4   710.0212  149.86049
c5   632.2609   56.72634
c6   263.0681  312.94179
c7   447.0947 1022.32229
c8   690.0546  114.60048
c9   399.9658  177.08354
c10  565.0852   60.79751
c11 1376.6553 1951.93607
c12    0.0000  575.59164
c13  575.5916    0.00000

$intercls.ave_to_cent
            c1         c2         c3         c4         c5        c6        c7         c8         c9        c10       c11
c1     0.00000  287.62452  155.03830   98.80365  150.71185  518.8051 1228.0107   94.60610  382.40488  224.55104 2157.4224
c2   287.62452    0.00000  148.69510  221.65197  140.06807  233.5140  942.0502  197.26466   99.73222   85.89354 1871.4485
c3   155.03830  148.69510    0.00000   77.62275   59.87805  374.9677 1083.7310   80.29886  239.20245   75.66807 2012.7246
c4    98.80365  221.65197   77.62275    0.00000  104.44368  448.6651 1157.0723   73.35369  312.85713  147.20145 2085.8450
c5   150.71185  140.06807   59.87805  104.44368    0.00000  370.1470 1079.2137   61.56035  234.46314   92.33539 2008.7457
c6   518.80513  233.51397  374.96765  448.66514  370.14704    0.0000  711.0721  427.90210  140.96533  304.36804 1640.1098
c7  1228.01073  942.05022 1083.73095 1157.07230 1079.21365  711.0721    0.0000 1137.08499  847.67679 1012.18666  930.2137
c8    94.60610  197.26466   80.29886   73.35369   61.56035  427.9021 1137.0850    0.00000  291.92301  140.55797 2066.6116
c9   382.40488   99.73222  239.20245  312.85713  234.46314  140.9653  847.6768  291.92301    0.00000  169.95558 1776.8946
c10  224.55104   85.89354   75.66807  147.20145   92.33539  304.3680 1012.1867  140.55797  169.95558    0.00000 1941.0177
c11 2157.42240 1871.44847 2012.72456 2085.84502 2008.74571 1640.1098  930.2137 2066.61160 1776.89456 1941.01774    0.0000
c12  781.39292  495.46510  637.04976  710.55432  632.59288  265.8735  448.9540  690.43523  401.35687  565.75371 1377.2230
