Memory  taken for K0 execution is                    [,1]
"hacforiginal" 10152.7

Time  taken for K0 execution is  [1] 35.76

[1] "K0 silhoutee total average is 0.231812 "

[1] "K0 silhoutee all values are "
Silhouette of 30000 units in 13 clusters from silhouette.default(x = finalclustersoriginal, dist = dist(datamatrix)) :
 Cluster sizes and average silhouette widths:
      5123       1261       2608       3385       2949       3505       2213       1986       1891       1954       2175 
0.18187782 0.30691013 0.33308577 0.06743709 0.18756839 0.18620202 0.35065447 0.12660472 0.38540742 0.31132913 0.30968070 
       238        712 
0.01075725 0.41034189 
Individual silhouette widths:
    Min.  1st Qu.   Median     Mean  3rd Qu.     Max. 
-0.65850  0.08084  0.28180  0.23180  0.41850  0.64340 

Intra and inter cluster distances for K0 is $intracls.complete
           c1      c2      c3       c4       c5       c6       c7       c8       c9      c10      c11      c12      c13
[1,] 101.9692 172.236 69.6025 204.1311 138.2673 255.9287 96.52933 168.3346 214.3158 103.0303 104.8973 2384.492 249.4282

$intracls.average
          c1       c2       c3       c4       c5       c6       c7       c8       c9      c10      c11      c12      c13
[1,] 32.8885 55.06378 24.51166 53.14973 34.42963 52.21623 23.36298 53.02559 53.10589 28.59386 25.00837 397.9865 69.06474

$intracls.centroid
           c1       c2       c3      c4      c5       c6     c7       c8       c9      c10      c11      c12      c13
[1,] 23.91432 39.52439 17.66065 38.1038 24.9089 37.14605 16.729 38.49383 37.92706 20.42849 17.77321 291.8416 49.84643

$intercls.single
            c1         c2         c3         c4         c5         c6         c7         c8         c9        c10
c1    0.000000  76.472471   2.117443   2.246231   1.571918  26.397677   1.999858   2.597646 107.603085  26.582689
c2   76.472471   0.000000  30.410493   3.802818 117.635990 167.368912  87.418463  99.512822 232.945814   3.300237
c3    2.117443  30.410493   0.000000   2.415610  33.416275  83.422016  13.994305  23.758009 160.268945   2.186158
c4    2.246231   3.802818   2.415610   0.000000  52.601582  99.228803  55.612455   3.228465 182.216761   2.953484
c5    1.571918 117.635990  33.416275  52.601582   0.000000   2.449111   2.013138   3.207327  41.322931  61.351452
c6   26.397677 167.368912  83.422016  99.228803   2.449111   0.000000  26.795990   2.688859   2.516004 109.521486
c7    1.999858  87.418463  13.994305  55.612455   2.013138  26.795990   0.000000  34.618454  89.396096  28.471605
c8    2.597646  99.512822  23.758009   3.228465   3.207327   2.688859  34.618454   0.000000  70.982180  66.229978
c9  107.603085 232.945814 160.268945 182.216761  41.322931   2.516004  89.396096  70.982180   0.000000 174.547723
c10  26.582689   3.300237   2.186158   2.953484  61.351452 109.521486  28.471605  66.229978 174.547723   0.000000
c11   2.007103  39.207933   2.046395  36.100214  21.114456  64.405232   1.795145  58.650460 124.361841   2.052920
c12 385.729659 532.412148 449.426690 450.337872 341.833758 179.100219 385.801517 305.333414 114.350099 473.362332
c13 216.240719 353.544347 273.441954 289.630164 161.103822  48.937074 207.731664 158.606689   3.099376 294.048420
           c11       c12        c13
c1    2.007103 385.72966 216.240719
c2   39.207933 532.41215 353.544347
c3    2.046395 449.42669 273.441954
c4   36.100214 450.33787 289.630164
c5   21.114456 341.83376 161.103822
c6   64.405232 179.10022  48.937074
c7    1.795145 385.80152 207.731664
c8   58.650460 305.33341 158.606689
c9  124.361841 114.35010   3.099376
c10   2.052920 473.36233 294.048420
c11   0.000000 425.84006 244.981044
c12 425.840057   0.00000  12.526564
c13 244.981044  12.52656   0.000000

$intercls.complete
           c1        c2        c3        c4        c5        c6        c7        c8        c9       c10       c11
c1     0.0000  285.9429  131.8099  273.8997  193.5343  304.2578  173.7048  182.3987  355.5701  207.9631  179.1645
c2   285.9429    0.0000  216.2014  292.2592  331.7259  506.8967  287.1000  381.7472  551.9836  201.1498  263.8203
c3   131.8099  216.2014    0.0000  233.1742  194.9791  348.7831  160.3854  226.5134  397.5970  144.7255  150.9043
c4   273.8997  292.2592  233.1742    0.0000  361.6957  473.2100  324.4720  343.0632  535.0329  248.5181  309.4811
c5   193.5343  331.7259  194.9791  361.6957    0.0000  278.1771  132.3673  243.0433  304.7063  212.6338  171.6738
c6   304.2578  506.8967  348.7831  473.2100  278.1771    0.0000  302.7956  298.6143  267.2549  409.1068  371.9485
c7   173.7048  287.1000  160.3854  324.4720  132.3673  302.7956    0.0000  229.7146  337.7435  170.2862  132.1733
c8   182.3987  381.7472  226.5134  343.0632  243.0433  298.6143  229.7146    0.0000  360.1131  298.3207  266.6410
c9   355.5701  551.9836  397.5970  535.0329  304.7063  267.2549  337.7435  360.1131    0.0000  444.2187  405.1402
c10  207.9631  201.1498  144.7255  248.5181  212.6338  409.1068  170.2862  298.3207  444.2187    0.0000  148.6869
c11  179.1645  263.8203  150.9043  309.4811  171.6738  371.9485  132.1733  266.6410  405.1402  148.6869    0.0000
c12 2845.7584 3026.1373 2883.1720 3031.0256 2790.3062 2739.3054 2812.0648 2856.4181 2662.0883 2912.0274 2861.6668
c13  515.6514  692.6191  549.5871  704.6244  457.7736  409.8908  477.3691  534.4102  327.3551  577.3443  528.8096
         c12       c13
c1  2845.758  515.6514
c2  3026.137  692.6191
c3  2883.172  549.5871
c4  3031.026  704.6244
c5  2790.306  457.7736
c6  2739.305  409.8908
c7  2812.065  477.3691
c8  2856.418  534.4102
c9  2662.088  327.3551
c10 2912.027  577.3443
c11 2861.667  528.8096
c12    0.000 2547.3111
c13 2547.311    0.0000

$intercls.average
           c1        c2        c3        c4        c5        c6        c7        c8       c9       c10       c11      c12
c1    0.00000 161.98455  53.55745  93.22940  66.34823 124.46607  57.30919  68.96000 216.0439  87.40745  58.82435 789.8008
c2  161.98455   0.00000 116.46261 102.32399 209.96519 276.58553 179.12671 208.14737 367.4442  91.56915 140.52044 942.2645
c3   53.55745 116.46261   0.00000  65.59859 100.89753 166.15355  74.97466 105.35505 257.7586  45.24499  46.94076 832.9299
c4   93.22940 102.32399  65.59859   0.00000 150.14695 209.50031 130.36948 126.31142 301.8610  77.65544 103.38743 874.5617
c5   66.34823 209.96519 100.89753 150.14695   0.00000  77.73704  45.23743  83.37805 162.3833 126.53985  78.59559 735.9786
c6  124.46607 276.58553 166.15355 209.50031  77.73704   0.00000 107.19211 108.37302 104.4247 194.05006 145.29407 671.3646
c7   57.30919 179.12671  74.97466 130.36948  45.23743 107.19211   0.00000  98.02034 192.6800  94.03817  45.19977 766.5273
c8   68.96000 208.14737 105.35505 126.31142  83.37805 108.37302  98.02034   0.00000 193.7831 141.60239 113.40979 759.2204
c9  216.04390 367.44417 257.75864 301.86105 162.38326 104.42472 192.67995 193.78308   0.0000 283.40177 232.58307 578.7097
c10  87.40745  91.56915  45.24499  77.65544 126.53985 194.05006  94.03817 141.60239 283.4018   0.00000  56.58085 858.0232
c11  58.82435 140.52044  46.94076 103.38743  78.59559 145.29407  45.19977 113.40979 232.5831  56.58085   0.00000 806.5751
c12 789.80075 942.26453 832.92992 874.56174 735.97858 671.36457 766.52726 759.22039 578.7097 858.02323 806.57506   0.0000
c13 334.13291 486.77854 376.92206 419.52818 280.62687 217.23005 311.44990 306.60288 127.1641 402.68332 351.54961 460.8039
         c13
c1  334.1329
c2  486.7785
c3  376.9221
c4  419.5282
c5  280.6269
c6  217.2301
c7  311.4499
c8  306.6029
c9  127.1641
c10 402.6833
c11 351.5496
c12 460.8039
c13   0.0000

$intercls.centroid
           c1        c2        c3        c4        c5        c6        c7        c8        c9       c10       c11
c1    0.00000 157.49834  47.37222  86.08310  61.20777 119.59469  52.32101  53.99133 213.35284  83.41171  53.59278
c2  157.49834   0.00000 110.88414  90.16143 206.64696 273.29503 176.23464 203.07058 365.13405  84.82435 136.62755
c3   47.37222 110.88414   0.00000  55.21359  98.05053 163.03819  72.83728  98.19663 255.85429  38.43917  42.38110
c4   86.08310  90.16143  55.21359   0.00000 145.98813 205.13048 126.07889 119.60968 298.94440  69.11967  97.41681
c5   61.20777 206.64696  98.05053 145.98813   0.00000  68.13364  35.13530  74.24528 158.52201 123.51276  73.66071
c6  119.59469 273.29503 163.03819 205.13048  68.13364   0.00000 102.60410 100.26764  93.82096 191.24008 141.78905
c7   52.32101 176.23464  72.83728 126.07889  35.13530 102.60410   0.00000  89.63916 190.35037  91.72281  40.19173
c8   53.99133 203.07058  98.19663 119.60968  74.24528 100.26764  89.63916   0.00000 189.91268 136.01121 105.86070
c9  213.35284 365.13405 255.85429 298.94440 158.52201  93.82096 190.35037 189.91268   0.00000 281.60703 230.52171
c10  83.41171  84.82435  38.43917  69.11967 123.51276 191.24008  91.72281 136.01121 281.60703   0.00000  51.84088
c11  53.59278 136.62755  42.38110  97.41681  73.66071 141.78905  40.19173 105.86070 230.52171  51.84088   0.00000
c12 788.31691 940.60249 831.60351 872.85566 734.15398 668.91849 764.86844 757.27718 575.76683 856.52208 804.94161
c13 332.49749 484.98578 375.62852 417.53369 278.38737 212.97667 309.87849 304.50464 119.86924 401.33016 350.05738
         c12      c13
c1  788.3169 332.4975
c2  940.6025 484.9858
c3  831.6035 375.6285
c4  872.8557 417.5337
c5  734.1540 278.3874
c6  668.9185 212.9767
c7  764.8684 309.8785
c8  757.2772 304.5046
c9  575.7668 119.8692
c10 856.5221 401.3302
c11 804.9416 350.0574
c12   0.0000 455.9961
c13 455.9961   0.0000

$intercls.ave_to_cent
           c1        c2        c3        c4        c5        c6        c7        c8        c9       c10       c11
c1    0.00000 159.04599  50.68674  89.25698  63.67392 121.80051  55.08611  59.89607 214.42202  85.47440  56.40169
c2  159.04599   0.00000 113.01631  95.81645 208.05416 274.87306 177.39131 205.50680 366.26193  87.68239 138.25330
c3   50.68674 113.01631   0.00000  60.76405  99.48294 164.72931  73.89620 101.46111 256.71411  41.78692  44.56006
c4   89.25698  95.81645  60.76405   0.00000 148.12298 207.30225 128.54571 122.87188 300.41119  73.94555 100.81264
c5   63.67392 208.05416  99.48294 148.12298   0.00000  72.90428  40.60732  78.03769 160.34643 125.09566  76.27574
c6  121.80051 274.87306 164.72931 207.30225  72.90428   0.00000 105.17842 104.38897  99.21274 192.82597 143.74956
c7   55.08611 177.39131  73.89620 128.54571  40.60732 105.17842   0.00000  93.70510 191.45350  92.84624  42.61998
c8   59.89607 205.50680 101.46111 122.87188  78.03769 104.38897  93.70510   0.00000 191.79855 138.83193 109.52877
c9  214.42202 366.26193 256.71411 300.41119 160.34643  99.21274 191.45350 191.79855   0.00000 282.49604 231.51222
c10  85.47440  87.68239  41.78692  73.94555 125.09566 192.82597  92.84624 138.83193 282.49604   0.00000  54.12008
c11  56.40169 138.25330  44.56006 100.81264  76.27574 143.74956  42.61998 109.52877 231.51222  54.12008   0.00000
c12 788.56912 941.19104 831.81078 873.40854 734.53777 669.67823 765.10901 757.73804 576.59901 856.80691 805.21292
c13 333.06332 485.89747 376.05397 418.57740 279.31733 215.25280 310.39245 305.42856 123.25783 401.85079 350.58908
         c12      c13
c1  788.5691 333.0633
c2  941.1910 485.8975
c3  831.8108 376.0540
c4  873.4085 418.5774
c5  734.5378 279.3173
c6  669.6782 215.2528
c7  765.1090 310.3925
c8  757.7380 305.4286
c9  576.5990 123.2578
c10 856.8069 401.8508
c11 805.2129 350.5891
c12   0.0000 457.4383
c13 457.4383   0.0000

$intercls.hausdorff
            c1         c2         c3         c4         c5         c6         c7         c8        c9        c10
c1     0.00000  159.18912   78.11735   76.11656   70.08316  109.29249   79.83180   69.14382  192.5552  115.50420
c2   204.43147    0.00000  158.95774  118.91214  247.95338  296.73701  218.26496  229.27903  367.3097  119.65695
c3    50.96783   87.51375    0.00000   51.38093   94.25770  145.09427   74.96012   87.28599  224.5699   44.66099
c4   189.88749  146.37170  167.43129    0.00000  249.79691  295.56400  240.94069  175.56407  380.9225  163.25215
c5   104.84249  192.68108  128.77051  172.32157    0.00000   52.94354   50.18494  112.95776  132.3312  134.31968
c6   224.45531  377.70032  291.11987  273.08156  207.08674    0.00000  240.35634  132.09398  103.5402  324.43035
c7    86.96054  148.99529   95.92665  146.21114   38.74460   83.78191    0.00000  112.87994  153.3798   88.72964
c8   103.57983  254.35912  169.53526  148.22742  107.57910  125.89397  147.02229    0.00000  217.2356  206.36207
c9   272.50961  422.00219  337.23239  338.69223  234.82688  114.40366  276.56530  208.08972    0.0000  364.01046
c10  116.68201   62.33826   82.28555   79.45332  146.16561  190.45957  109.39350  167.52611  251.2397    0.00000
c11   89.57061  110.15204   94.35789  131.52917  108.13300  152.45552   75.21282  150.63323  203.2322   64.64454
c12 2762.71478 2894.30176 2819.07067 2834.68498 2703.11116 2562.75479 2750.02942 2688.49947 2496.5001 2836.05771
c13  432.32720  559.83259  484.82523  506.16651  368.34155  257.51413  415.27892  373.17872  184.7758  501.10585
           c11      c12       c13
c1    90.45055 468.7800  299.1457
c2   182.41963 662.5557  483.8368
c3    48.79464 510.2013  336.1957
c4   214.46165 648.3069  487.2736
c5    84.33610 416.6799  243.2796
c6   283.33364 366.6452  192.6542
c7    49.52579 446.8604  267.9081
c8   170.81892 473.1975  316.8504
c9   317.90262 313.0977  130.2352
c10   63.63279 551.1502  369.4023
c11    0.00000 511.4312  329.8284
c12 2786.04393   0.0000 2335.0517
c13  451.06259 189.8779    0.0000

$cluster.center
         [,1]       [,2]     [,3]       [,4]     [,5]
c1  138.76914  -8.629278 3.692953  224.14894 5.951005
c2   99.16355 -14.474802 3.164155   71.82474 5.827914
c3  120.14739 -10.120351 3.510353  180.61695 6.210506
c4  157.76421 -10.048181 3.238996  140.20118 6.156869
c5  109.94471  -9.695881 3.743981  278.13394 6.099356
c6  129.56049  -9.786295 3.788588  343.38260 6.229101
c7   92.13328  -9.540972 3.722549  247.84862 6.229553
c8  181.24943  -8.646775 3.776435  257.47281 5.978852
c9  117.78913 -10.411047 3.768377  436.46007 6.225806
c10  90.55230 -12.190727 3.379222  156.17963 5.747697
c11  87.72388 -10.296085 3.608736  207.90759 5.978391
c12 119.55358 -14.998164 3.718487 1012.20588 5.995798
c13 122.44975 -10.927197 3.801966  556.23736 6.445225

$cluster.size
 [1] 5123 1261 2608 3385 2949 3505 2213 1986 1891 1954 2175  238  712

attr(,"class")
[1] "cls.list"

[1] "**********************************************************************************************************"

Memory  taken for K10 execution is         [,1]
"hacf"  132

Time  taken for K10 execution is  [1] 1.68

K10 silhoutee total average is 0.253692 
K10 silhoutee all values are Silhouette of 2083 units in 13 clusters from silhouette.default(x = thresholdclusters, dist = dist(thresholddata)) :
 Cluster sizes and average silhouette widths:
        14        125        165         39         86        325        166        132        180        116        353 
0.04626873 0.29522627 0.23184854 0.44698058 0.28603567 0.24890170 0.30302625 0.26241868 0.19542999 0.32981505 0.15859212 
       247        135 
0.24792874 0.40081917 
Individual silhouette widths:
   Min. 1st Qu.  Median    Mean 3rd Qu.    Max. 
-0.5834  0.1062  0.3023  0.2537  0.4372  0.6253 

Intra and inter cluster distances for K10 is $intracls.complete
           c1       c2       c3       c4       c5       c6       c7       c8       c9      c10      c11      c12      c13
[1,] 1850.084 140.6803 183.8332 238.9665 112.2998 112.9837 227.3559 86.03054 191.5822 91.74285 105.5871 71.05757 74.15288

$intracls.average
           c1       c2       c3       c4       c5      c6     c7       c8       c9      c10      c11      c12      c13
[1,] 489.1554 55.52291 51.98564 87.27426 39.94783 34.8876 62.649 31.84196 48.81717 30.05655 37.77198 27.52709 25.57895

$intracls.centroid
           c1     c2       c3       c4       c5       c6       c7       c8       c9      c10     c11      c12      c13
[1,] 339.3189 40.112 37.10214 62.20583 28.53711 25.12189 44.34701 23.00825 34.32128 21.42165 27.3888 19.98366 18.16011

$intercls.single
           c1         c2         c3         c4         c5         c6         c7         c8         c9        c10
c1    0.00000 642.068220 604.578366  41.660614 471.994039 566.435048 252.655711 457.880422 371.834750 451.178279
c2  642.06822   0.000000   6.383545 387.773346 110.604422   6.759228 239.237612 139.925982 169.384049 122.679116
c3  604.57837   6.383545   0.000000 361.863999  23.531448   5.807593 214.814812  95.020561 138.132564 104.934243
c4   41.66061 387.773346 361.863999   0.000000 228.749895 312.587435   9.606611 205.676098 131.090373 196.211522
c5  471.99404 110.604422  23.531448 228.749895   0.000000  46.678244  85.649800   6.496028  11.471694  44.154336
c6  566.43505   6.759228   5.807593 312.587435  46.678244   0.000000 165.597594  65.659945  93.590834  48.907470
c7  252.65571 239.237612 214.814812   9.606611  85.649800 165.597594   0.000000  65.874970   5.611008  46.597652
c8  457.88042 139.925982  95.020561 205.676098   6.496028  65.659945  65.874970   0.000000   6.767521   6.279093
c9  371.83475 169.384049 138.132564 131.090373  11.471694  93.590834   5.611008   6.767521   0.000000   7.847086
c10 451.17828 122.679116 104.934243 196.211522  44.154336  48.907470  46.597652   6.279093   7.847086   0.000000
c11 528.95738  38.505290   6.963136 278.744140   5.531299   4.945733 134.772543  19.094924  60.925188  31.597539
c12 499.90641  81.030236  63.840390 246.896809   6.861739   7.904297 103.411599   6.318767  31.445661   5.811192
c13 528.29632  52.950923  57.519726 273.657377  54.701795   5.141984 123.955033  47.233150  68.346230   9.491417
           c11        c12        c13
c1  528.957385 499.906409 528.296319
c2   38.505290  81.030236  52.950923
c3    6.963136  63.840390  57.519726
c4  278.744140 246.896809 273.657377
c5    5.531299   6.861739  54.701795
c6    4.945733   7.904297   5.141984
c7  134.772543 103.411599 123.955033
c8   19.094924   6.318767  47.233150
c9   60.925188  31.445661  68.346230
c10  31.597539   5.811192   9.491417
c11   0.000000   4.255707   5.336101
c12   4.255707   0.000000   5.108406
c13   5.336101   5.108406   0.000000

$intercls.complete
          c1        c2        c3        c4        c5        c6        c7        c8        c9       c10       c11
c1     0.000 2618.8478 2611.9395 2104.9578 2418.3572 2502.8198 2254.8678 2362.5995 2322.8279 2373.3554 2467.8586
c2  2618.848    0.0000  263.5117  750.6600  354.5930  210.2577  558.2729  325.2487  430.1959  328.9401  266.5181
c3  2611.940  263.5117    0.0000  741.6109  306.1803  242.1727  527.3961  308.8083  401.0112  347.4644  236.1915
c4  2104.958  750.6600  741.6109    0.0000  554.4751  633.9308  388.2209  492.6365  452.8754  506.5951  597.0780
c5  2418.357  354.5930  306.1803  554.4751    0.0000  263.1520  339.7911  159.9083  239.8294  230.6000  179.2499
c6  2502.820  210.2577  242.1727  633.9308  263.1520    0.0000  446.2397  225.6346  320.9583  204.4526  187.6077
c7  2254.868  558.2729  527.3961  388.2209  339.7911  446.2397    0.0000  286.8989  274.0004  333.1645  389.3397
c8  2362.600  325.2487  308.8083  492.6365  159.9083  225.6346  286.8989    0.0000  161.2982  151.4498  162.3229
c9  2322.828  430.1959  401.0112  452.8754  239.8294  320.9583  274.0004  161.2982    0.0000  226.0106  260.8846
c10 2373.355  328.9401  347.4644  506.5951  230.6000  204.4526  333.1645  151.4498  226.0106    0.0000  218.5738
c11 2467.859  266.5181  236.1915  597.0780  179.2499  187.6077  389.3397  162.3229  260.8846  218.5738    0.0000
c12 2411.521  279.9298  273.7262  541.6548  170.5141  174.3251  345.4414  123.4662  218.0093  128.4138  148.7523
c13 2446.054  254.5209  276.9530  578.9281  216.1158  130.1162  391.4757  169.8315  265.4438  145.6419  177.6336
          c12       c13
c1  2411.5213 2446.0542
c2   279.9298  254.5209
c3   273.7262  276.9530
c4   541.6548  578.9281
c5   170.5141  216.1158
c6   174.3251  130.1162
c7   345.4414  391.4757
c8   123.4662  169.8315
c9   218.0093  265.4438
c10  128.4138  145.6419
c11  148.7523  177.6336
c12    0.0000  118.2036
c13  118.2036    0.0000

$intercls.average
           c1         c2         c3       c4        c5         c6       c7        c8        c9       c10       c11
c1     0.0000 1094.39499 1049.62430 578.2289 927.79323 1006.33249 738.2053 885.84888 831.07833 893.86879 972.71793
c2  1094.3950    0.00000   92.77806 520.0063 191.42811   94.23721 359.9960 214.90855 268.82496 203.55593 135.78903
c3  1049.6243   92.77806    0.00000 476.2332 130.29676   84.01410 316.7507 168.93174 225.28428 176.57628  86.40891
c4   578.2289  520.00631  476.23316   0.0000 356.85594  432.00449 168.3218 312.20632 258.59412 320.69326 398.81461
c5   927.7932  191.42811  130.29676 356.8559   0.00000  117.34773 201.2534  67.10301 116.17700 104.09028  66.89447
c6  1006.3325   94.23721   84.01410 432.0045 117.34773    0.00000 272.2587 129.16956 181.93250 116.52785  65.01048
c7   738.2053  359.99599  316.75067 168.3218 201.25338  272.25868   0.0000 153.80370 104.71944 163.79629 239.20289
c8   885.8489  214.90855  168.93174 312.2063  67.10301  129.16956 153.8037   0.00000  67.94621  57.55742  92.19067
c9   831.0783  268.82496  225.28428 258.5941 116.17700  181.93250 104.7194  67.94621   0.00000  83.03623 148.27332
c10  893.8688  203.55593  176.57628 320.6933 104.09028  116.52785 163.7963  57.55742  83.03623   0.00000 102.65350
c11  972.7179  135.78903   86.40891 398.8146  66.89447   65.01048 239.2029  92.19067 148.27332 102.65350   0.00000
c12  930.0447  167.51462  133.42180 355.7477  73.15063   80.81907 196.2625  57.28114 107.24111  51.61148  60.76925
c13  963.1054  136.01850  121.98866 389.5412 107.27721   53.97712 231.1607  97.28328 143.88673  72.65418  69.24682
          c12       c13
c1  930.04473 963.10535
c2  167.51462 136.01850
c3  133.42180 121.98866
c4  355.74766 389.54121
c5   73.15063 107.27721
c6   80.81907  53.97712
c7  196.26251 231.16068
c8   57.28114  97.28328
c9  107.24111 143.88673
c10  51.61148  72.65418
c11  60.76925  69.24682
c12   0.00000  48.62011
c13  48.62011   0.00000

$intercls.centroid
           c1         c2         c3       c4        c5         c6        c7        c8        c9       c10       c11
c1     0.0000 1093.59425 1048.55579 575.4954 926.44733 1005.62341 736.57464 884.92889 829.61534 893.06176 971.87821
c2  1093.5942    0.00000   79.95560 518.3645 188.06946   88.03546 357.71980 212.26259 265.58491 201.38572 131.18784
c3  1048.5558   79.95560    0.00000 474.1579 124.37453   76.18148 313.70908 165.05140 220.90469 173.57066  78.06489
c4   575.4954  518.36447  474.15788   0.0000 354.18121  430.39665 161.10144 309.73247 254.21384 318.74905 396.89862
c5   926.4473  188.06946  124.37453 354.1812   0.00000  114.15742 196.49814  59.00013 108.31395  99.94980  58.18860
c6  1005.6234   88.03546   76.18148 430.3966 114.15742    0.00000 269.84581 126.16387 178.11606 113.91716  57.36264
c7   736.5746  357.71980  313.70908 161.1014 196.49814  269.84581   0.00000 148.84533  93.15501 160.21613 236.10303
c8   884.9289  212.26259  165.05140 309.7325  59.00013  126.16387 148.84533   0.00000  55.85643  51.59370  87.26408
c9   829.6153  265.58491  220.90469 254.2138 108.31395  178.11606  93.15501  55.85643   0.00000  75.83150 143.08434
c10  893.0618  201.38572  173.57066 318.7490  99.94980  113.91716 160.21613  51.59370  75.83150   0.00000  99.55772
c11  971.8782  131.18784   78.06489 396.8986  58.18860   57.36264 236.10303  87.26408 143.08434  99.55772   0.00000
c12  929.3326  164.75866  129.09280 353.8940  68.73325   77.08094 193.04759  51.02795 101.05440  45.19588  54.42160
c13  962.3633  132.64737  117.86568 387.9348 104.49233   47.03548 228.63829  93.95764 139.67329  69.30868  64.19220
          c12       c13
c1  929.33263 962.36326
c2  164.75866 132.64737
c3  129.09280 117.86568
c4  353.89399 387.93480
c5   68.73325 104.49233
c6   77.08094  47.03548
c7  193.04759 228.63829
c8   51.02795  93.95764
c9  101.05440 139.67329
c10  45.19588  69.30868
c11  54.42160  64.19220
c12   0.00000  43.52409
c13  43.52409   0.00000

$intercls.ave_to_cent
           c1         c2         c3       c4        c5         c6        c7        c8        c9       c10       c11
c1     0.0000 1093.91582 1048.97118 576.4909 926.87455 1005.81541 737.25963 885.21474 830.28208 893.24014 972.11113
c2  1093.9158    0.00000   86.50218 519.0883 189.79876   90.62407 358.88069 213.57238 267.26489 202.48224 133.24101
c3  1048.9712   86.50218    0.00000 475.0968 127.52278   79.71820 315.22466 167.06201 223.10968 175.20872  81.63234
c4   576.4909  519.08834  475.09684   0.0000 355.36107  430.88910 164.37114 310.67567 256.38976 319.40377 397.51005
c5   926.8745  189.79876  127.52278 355.3611   0.00000  115.58119 199.06567  62.53043 112.56380 101.96909  62.77531
c6  1005.8154   90.62407   79.71820 430.8891 115.58119    0.00000 270.86235 127.53553 179.73371 115.37433  61.12517
c7   737.2596  358.88069  315.22466 164.3711 199.06567  270.86235   0.00000 151.43816  98.86743 162.17036 237.40402
c8   885.2147  213.57238  167.06201 310.6757  62.53043  127.53553 151.43816   0.00000  62.47399  54.38462  89.65071
c9   830.2821  267.26489  223.10968 256.3898 112.56380  179.73371  98.86743  62.47399   0.00000  79.74558 145.29258
c10  893.2401  202.48224  175.20872 319.4038 101.96909  115.37433 162.17036  54.38462  79.74558   0.00000 101.20491
c11  972.1111  133.24101   81.63234 397.5100  62.77531   61.12517 237.40402  89.65071 145.29258 101.20491   0.00000
c12  929.4996  165.93075  131.06322 354.4230  70.56663   78.92896 194.46670  53.71381 103.85018  48.48604  57.55603
c13  962.5261  134.27999  120.02446 388.4547 105.78876   50.92179 229.97249  95.61483 141.96302  70.94047  67.08724
          c12       c13
c1  929.49958 962.52611
c2  165.93075 134.27999
c3  131.06322 120.02446
c4  354.42302 388.45467
c5   70.56663 105.78876
c6   78.92896  50.92179
c7  194.46670 229.97249
c8   53.71381  95.61483
c9  103.85018 141.96302
c10  48.48604  70.94047
c11  57.55603  67.08724
c12   0.00000  45.92015
c13  45.92015   0.00000

$intercls.hausdorff
          c1         c2         c3        c4         c5         c6         c7         c8         c9        c10        c11
c1    0.0000 2492.06163 2441.54220 1870.8293 2311.57139 2416.29706 2088.59229 2307.29911 2211.81142 2301.08377 2376.85977
c2  768.7836    0.00000  120.92591  515.5821  247.90143  126.01475  368.48683  273.41291  299.84669  251.81966  175.77114
c3  765.0392  127.45709    0.00000  514.1154  200.98991  152.78958  370.00516  249.50589  295.24018  259.89011  152.60417
c4  255.0651  622.08091  576.93395    0.0000  445.33250  546.06814  230.18237  436.75742  344.22223  433.50447  506.10069
c5  582.5225  216.78405  133.24532  340.3539    0.00000  152.79247  196.59879   86.20426  118.23358  144.79776   90.34209
c6  652.7793   76.18406   93.89440  397.8897  159.30746    0.00000  248.22482  160.08411  184.24066  130.09356  103.26311
c7  405.1424  422.61206  357.09302  150.1222  228.42646  348.04117    0.00000  235.88855  134.73846  253.33663  299.71371
c8  517.1835  188.11523  161.10562  270.9961   63.50178  118.45683  122.67683    0.00000   47.66303   83.20348   74.50570
c9  472.9052  294.22568  232.86846  224.6524  137.99476  220.07038   84.21686  108.29697    0.00000  151.97510  171.24599
c10 523.5485  196.45119  190.42982  268.5381  125.75832  130.68681  118.53236   73.60505   63.42944    0.00000  122.16768
c11 619.4810  127.79090   88.71266  367.6925   73.58413   82.15858  224.13975  109.05336  149.75867  127.70672    0.00000
c12 561.6760  144.52189  122.78877  307.8360   69.81192   70.02912  160.58804   63.10060   89.84101   46.45302   52.19988
c13 596.4780  122.50297  120.41246  341.6282  116.10116   59.27651  191.63937  104.85515  129.99243   73.65375   72.58946
           c12        c13
c1  2349.52001 2377.35645
c2   213.50206  186.19568
c3   219.95869  214.41947
c4   479.45773  511.87180
c5   106.62214  155.53885
c6   107.51884   61.87198
c7   278.45419  330.78472
c8    53.38665  116.05552
c9   150.37972  207.19213
c10   73.90305   80.83666
c11   91.83244  103.74157
c12    0.00000   63.52892
c13   52.59570    0.00000

$cluster.center
         [,1]       [,2]     [,3]       [,4]     [,5]
c1  113.69216 -16.399568 3.716738 1179.95966 6.303678
c2  101.84254 -14.106634 3.165123   86.43225 5.851160
c3  166.86775  -9.972082 3.217416  132.77295 6.101621
c4  119.02377 -11.889041 3.738716  604.50661 6.348969
c5  182.76526  -8.927624 3.855875  256.12115 5.970545
c6  103.07941 -11.082373 3.484863  174.40640 5.969076
c7  123.53956 -10.501205 3.779006  443.47447 6.264256
c8  138.75691  -9.641580 3.755699  295.41165 6.101331
c9  129.67112 -10.027657 3.788015  350.52270 6.206870
c10  87.81225 -10.374907 3.624955  287.29344 5.800248
c11 148.97320  -8.920111 3.591857  208.75091 5.975918
c12 114.25176  -9.385869 3.758500  250.65368 6.189522
c13  85.48405 -10.852891 3.620670  218.02593 6.035680

$cluster.size
 [1]  14 125 165  39  86 325 166 132 180 116 353 247 135

attr(,"class")
[1] "cls.list"

[1] "**********************************************************************************************************"

Memory  taken for K20 execution is         [,1]
"hacf" 73.2

Time  taken for K20 execution is  [1] 1.84

K20 silhoutee total average is 0.259180 
K20 silhoutee all values are Silhouette of 971 units in 13 clusters from silhouette.default(x = thresholdclusters, dist = dist(thresholddata)) :
 Cluster sizes and average silhouette widths:
        1         6        95        25        81        77       110        45        42       117       143       107 
0.0000000 0.3404113 0.2295960 0.4361100 0.1112584 0.3893815 0.1132360 0.3627701 0.4137688 0.2556945 0.2356595 0.2964033 
      122 
0.2985476 
Individual silhouette widths:
   Min. 1st Qu.  Median    Mean 3rd Qu.    Max. 
-0.4752  0.1176  0.3020  0.2592  0.4437  0.6176 

Intra and inter cluster distances for K20 is $intracls.complete
     c1       c2       c3      c4       c5       c6       c7       c8       c9      c10      c11      c12      c13
[1,]  0 555.8676 207.3213 231.213 166.4306 138.0427 130.9995 86.11133 141.6869 101.6732 125.8193 81.91777 65.53374

$intracls.average
     c1      c2       c3       c4       c5       c6       c7       c8       c9      c10      c11      c12      c13
[1,]  0 251.999 69.77836 93.17435 54.35253 41.64691 42.32348 34.31758 52.87609 34.33803 40.39923 30.79899 28.41577

$intracls.centroid
     c1       c2       c3       c4       c5       c6       c7       c8       c9      c10      c11      c12      c13
[1,]  0 163.1486 49.04618 65.85992 38.61879 29.39413 30.30771 24.36406 37.42177 24.74585 28.98269 22.15906 20.39746

$intercls.single
          c1        c2         c3         c4          c5          c6          c7          c8         c9         c10
c1     0.000 813.98795 1670.01126 1432.10260 1992.689030 1808.971678 1857.702828 1918.077989 2069.82828 1862.445637
c2   813.988   0.00000  301.35250   64.56294  625.850669  439.911422  489.104496  550.862849  705.04368  495.308814
c3  1670.011 301.35250    0.00000   13.10500  147.534933    8.193100   21.413175   72.556751  248.73872   54.270653
c4  1432.103  64.56294   13.10500    0.00000  333.887870  146.715487  196.725444  258.852727  415.95680  205.115176
c5  1992.689 625.85067  147.53493  333.88787    0.000000  135.085755   57.423540   13.100062   12.66699   68.576849
c6  1808.972 439.91142    8.19310  146.71549  135.085755    0.000000    8.522951   77.840233  186.54011    8.076909
c7  1857.703 489.10450   21.41317  196.72544   57.423540    8.522951    0.000000    7.729106  134.22605    7.962651
c8  1918.078 550.86285   72.55675  258.85273   13.100062   77.840233    7.729106    0.000000  109.56199   50.633468
c9  2069.828 705.04368  248.73872  415.95680   12.666988  186.540111  134.226053  109.561995    0.00000  113.348901
c10 1862.446 495.30881   54.27065  205.11518   68.576849    8.076909    7.962651   50.633468  113.34890    0.000000
c11 1958.142 596.08898  154.37900  306.08795    7.489161   77.376062   45.491708   51.287553   11.25370    6.856586
c12 1974.343 605.36162  140.14338  312.18103    7.997461   94.326771   27.703768    7.519508   55.52120   30.952401
c13 1922.480 553.44608   94.64678  260.24110   42.842619   43.619012    6.751094    7.335855   95.12092    6.624584
            c11         c12         c13
c1  1958.141784 1974.342771 1922.480127
c2   596.088980  605.361622  553.446085
c3   154.379002  140.143381   94.646784
c4   306.087947  312.181032  260.241095
c5     7.489161    7.997461   42.842619
c6    77.376062   94.326771   43.619012
c7    45.491708   27.703768    6.751094
c8    51.287553    7.519508    7.335855
c9    11.253704   55.521204   95.120921
c10    6.856586   30.952401    6.624584
c11    0.000000    7.362011    5.699290
c12    7.362011    0.000000    6.354167
c13    5.699290    6.354167    0.000000

$intercls.complete
          c1        c2        c3        c4        c5        c6        c7        c8        c9       c10       c11
c1     0.000 1369.1078 1845.6280 1662.2813 2158.2840 1883.3947 1949.3754 1996.7547 2170.2717 1963.7173 2069.2584
c2  1369.108    0.0000 1033.7199  848.8165 1346.0899 1069.6615 1135.8833 1186.3263 1356.3652 1149.7375 1255.3148
c3  1845.628 1033.7199    0.0000  417.6738  499.1778  250.6569  286.9164  354.9664  507.9420  308.3410  408.5691
c4  1662.281  848.8165  417.6738    0.0000  728.8094  455.1839  517.5072  572.1818  738.2606  532.2760  638.5081
c5  2158.284 1346.0899  499.1778  728.8094    0.0000  363.2203  301.4083  240.4256  233.5432  316.7133  260.1468
c6  1883.395 1069.6615  250.6569  455.1839  363.2203    0.0000  205.5238  245.6866  366.9271  165.5084  267.1693
c7  1949.375 1135.8833  286.9164  517.5072  301.4083  205.5238    0.0000  163.1696  344.9126  194.4823  265.1018
c8  1996.755 1186.3263  354.9664  572.1818  240.4256  245.6866  163.1696    0.0000  293.8143  207.0727  224.1965
c9  2170.272 1356.3652  507.9420  738.2606  233.5432  366.9271  344.9126  293.8143    0.0000  309.0597  235.1369
c10 1963.717 1149.7375  308.3410  532.2760  316.7133  165.5084  194.4823  207.0727  309.0597    0.0000  207.8708
c11 2069.258 1255.3148  408.5691  638.5081  260.1468  267.1693  265.1018  224.1965  235.1369  207.8708    0.0000
c12 2026.606 1212.8239  363.1975  594.5117  197.1766  234.1057  193.0395  145.4633  214.9212  186.3066  161.8567
c13 1983.641 1169.7507  316.0237  551.6279  247.3609  176.7597  166.8326  144.2021  256.9135  128.8386  164.1123
          c12       c13
c1  2026.6061 1983.6407
c2  1212.8239 1169.7507
c3   363.1975  316.0237
c4   594.5117  551.6279
c5   197.1766  247.3609
c6   234.1057  176.7597
c7   193.0395  166.8326
c8   145.4633  144.2021
c9   214.9212  256.9135
c10  186.3066  128.8386
c11  161.8567  164.1123
c12    0.0000  117.5576
c13  117.5576    0.0000

$intercls.average
          c1        c2        c3        c4         c5         c6         c7         c8        c9        c10        c11
c1     0.000 1162.5691 1756.1508 1585.4694 2054.64548 1847.58933 1907.84209 1961.63508 2115.3935 1923.01331 2007.86128
c2  1162.569    0.0000  595.2664  425.3107  893.69660  686.04359  746.73531  801.78007  953.6709  761.37037  846.18313
c3  1756.151  595.2664    0.0000  177.9779  303.87059  104.62986  159.92985  216.14162  363.7625  176.34901  258.38719
c4  1585.469  425.3107  177.9779    0.0000  472.39076  265.65810  325.85237  381.99896  532.2914  340.99437  425.36242
c5  2054.645  893.6966  303.8706  472.3908    0.00000  215.48601  152.71100  104.45187   97.3511  152.34464   91.76075
c6  1847.589  686.0436  104.6299  265.6581  215.48601    0.00000   78.33891  136.48963  271.0962   85.11611  165.29862
c7  1907.842  746.7353  159.9299  325.8524  152.71100   78.33891    0.00000   71.76627  217.0931   69.39015  120.91336
c8  1961.635  801.7801  216.1416  381.9990  104.45187  136.48963   71.76627    0.00000  179.8061  104.84235  109.70727
c9  2115.394  953.6709  363.7625  532.2914   97.35110  271.09622  217.09311  179.80608    0.0000  195.22595  113.43376
c10 1923.013  761.3704  176.3490  340.9944  152.34464   85.11611   69.39015  104.84235  195.2259    0.00000   87.98857
c11 2007.861  846.1831  258.3872  425.3624   91.76075  165.29862  120.91336  109.70727  113.4338   87.98857    0.00000
c12 2000.375  838.7993  248.3157  417.0008   69.20792  158.37415   98.04614   63.78720  127.6103   95.60730   61.13736
c13 1953.884  792.0461  202.3281  370.3025  112.36704  111.09433   60.58921   65.11922  166.6309   53.20744   69.59267
           c12        c13
c1  2000.37535 1953.88388
c2   838.79928  792.04610
c3   248.31573  202.32810
c4   417.00081  370.30248
c5    69.20792  112.36704
c6   158.37415  111.09433
c7    98.04614   60.58921
c8    63.78720   65.11922
c9   127.61033  166.63091
c10   95.60730   53.20744
c11   61.13736   69.59267
c12    0.00000   55.32869
c13   55.32869    0.00000

$intercls.centroid
          c1        c2         c3        c4         c5         c6         c7         c8         c9        c10        c11
c1     0.000 1162.3544 1755.77721 1585.1554 2054.38289 1847.39950 1907.67810 1961.52941 2115.19079 1922.97070 2007.78747
c2  1162.354    0.0000  593.56464  422.8967  892.73132  685.05198  745.87887  801.05617  952.88528  760.81291  845.60939
c3  1755.777  593.5646    0.00000  170.6723  299.79520   92.65341  153.07523  211.95218  360.59786  171.29473  254.84177
c4  1585.155  422.8967  170.67233    0.0000  470.17289  262.39378  323.29259  380.04868  530.54564  339.24226  423.80992
c5  2054.383  892.7313  299.79520  470.1729    0.00000  211.24677  146.89877   96.68466   85.66309  148.04671   83.55684
c6  1847.400  685.0520   92.65341  262.3938  211.24677    0.00000   69.09604  132.22009  268.22360   79.23223  162.19300
c7  1907.678  745.8789  153.07523  323.2926  146.89877   69.09604    0.00000   63.18409  213.68241   60.59892  116.55711
c8  1961.529  801.0562  211.95218  380.0487   96.68466  132.22009   63.18409    0.00000  176.23216  100.33503  105.11514
c9  2115.191  952.8853  360.59786  530.5456   85.66309  268.22360  213.68241  176.23216    0.00000  192.62211  108.00687
c10 1922.971  760.8129  171.29473  339.2423  148.04671   79.23223   60.59892  100.33503  192.62211    0.00000   84.85451
c11 2007.787  845.6094  254.84177  423.8099   83.55684  162.19300  116.55711  105.11514  108.00687   84.85451    0.00000
c12 2000.281  838.2195  244.72505  415.3717   56.78155  154.97064   93.07807   58.13752  122.46183   92.41821   52.04525
c13 1953.826  791.5281  198.12409  368.6725  106.15034  106.80440   52.78588   59.92182  163.28190   45.63097   63.86257
           c12        c13
c1  2000.28120 1953.82642
c2   838.21946  791.52810
c3   244.72505  198.12409
c4   415.37173  368.67254
c5    56.78155  106.15034
c6   154.97064  106.80440
c7    93.07807   52.78588
c8    58.13752   59.92182
c9   122.46183  163.28190
c10   92.41821   45.63097
c11   52.04525   63.86257
c12    0.00000   49.38613
c13   49.38613    0.00000

$intercls.ave_to_cent
          c1        c2         c3        c4         c5         c6         c7         c8         c9        c10        c11
c1     0.000 1162.5385 1756.14692 1585.4573 2054.64228 1847.58689 1907.84061 1961.63278 2115.38880 1923.01295 2007.86077
c2  1162.538    0.0000  594.61707  424.0530  893.31742  685.55930  746.30231  801.34096  953.31832  760.93692  845.79451
