Memory  taken for K10 execution is         [,1]
"pamf" 98.4

Time  taken for K10 execution is  [1] 7.32

K10 silhoutee total average is -0.082555 
K10 silhoutee all values are Silhouette of 2081 units in 13 clusters from silhouette.default(x = thresholdclusters, dist = dist(thresholddata)) :
 Cluster sizes and average silhouette widths:
        119          38         167         103         130         287         116         158         180         133 
-0.22444262  0.04705521  0.50090190 -0.42376167 -0.27924587 -0.25471920  0.19661614 -0.21326123  0.05515248 -0.14029215 
        222         150         278 
-0.16034753 -0.18551039  0.02003499 
Individual silhouette widths:
    Min.  1st Qu.   Median     Mean  3rd Qu.     Max. 
-0.75700 -0.28270 -0.12270 -0.08256  0.07185  0.68510 

Intra and inter cluster distances for K10 is $intracls.complete
           c1       c2       c3       c4       c5       c6       c7       c8       c9      c10      c11      c12      c13
[1,] 470.6045 1976.305 291.7438 452.6717 495.8452 386.0546 266.9043 412.2409 286.9242 335.3453 435.5144 317.2338 340.5181

$intracls.average
           c1       c2       c3      c4       c5       c6       c7       c8       c9      c10      c11      c12      c13
[1,] 106.7318 331.1848 83.05696 119.347 123.1339 87.90599 66.56275 88.38279 66.10366 83.90414 80.33839 78.72558 67.66136

$intracls.centroid
           c1       c2       c3       c4      c5       c6       c7       c8       c9     c10     c11      c12     c13
[1,] 73.52209 237.7138 59.75878 84.07072 84.3812 62.38073 46.28487 62.40394 47.00493 58.7627 55.8421 55.94908 48.0354

$intercls.single
            c1        c2        c3        c4        c5        c6         c7         c8         c9        c10       c11
c1    0.000000 108.04419 12.116889  9.135413 19.530660  5.835211   5.938862  20.374444   5.983820  14.791793 30.634533
c2  108.044192   0.00000 16.026796 80.109637 38.488662 47.008938 257.731418 121.632838 190.502639 185.668758 70.426829
c3   12.116889  16.02680  0.000000  8.093005 12.116189  5.870048  38.999756   7.603016  10.624891   5.940015  6.234628
c4    9.135413  80.10964  8.093005  0.000000  6.811012  6.626283   5.739013   7.027035   6.881913   6.658866  5.552545
c5   19.530660  38.48866 12.116189  6.811012  0.000000  8.994310  10.175044   6.263728  12.404305   6.659104  5.780282
c6    5.835211  47.00894  5.870048  6.626283  8.994310  0.000000   5.124086   4.880968   4.260227   3.885103  4.357001
c7    5.938862 257.73142 38.999756  5.739013 10.175044  5.124086   0.000000   5.205718   5.358921   5.651882  5.596669
c8   20.374444 121.63284  7.603016  7.027035  6.263728  4.880968   5.205718   0.000000   4.588370   5.467985  4.145096
c9    5.983820 190.50264 10.624891  6.881913 12.404305  4.260227   5.358921   4.588370   0.000000   4.704039  5.012666
c10  14.791793 185.66876  5.940015  6.658866  6.659104  3.885103   5.651882   5.467985   4.704039   0.000000  4.714968
c11  30.634533  70.42683  6.234628  5.552545  5.780282  4.357001   5.596669   4.145096   5.012666   4.714968  0.000000
c12   8.117038 173.05557  6.912697  6.088465  5.702407  5.332653   5.369008   4.822249   5.728948   4.912407  4.724193
c13  31.925806 138.64195  4.185080  6.428321  6.949730  4.302509   4.815163   3.750770   4.098565   4.904005  4.145291
           c12        c13
c1    8.117038  31.925806
c2  173.055565 138.641953
c3    6.912697   4.185080
c4    6.088465   6.428321
c5    5.702407   6.949730
c6    5.332653   4.302509
c7    5.369008   4.815163
c8    4.822249   3.750770
c9    5.728948   4.098565
c10   4.912407   4.904005
c11   4.724193   4.145291
c12   0.000000   5.130077
c13   5.130077   0.000000

$intercls.complete
           c1       c2        c3        c4        c5        c6        c7        c8        c9       c10       c11
c1     0.0000 2492.550  580.9670  476.6073  519.1319  498.3625  477.9861  492.2507  428.9977  495.4049  476.8767
c2  2492.5499    0.000 2209.4616 2495.1523 2509.6072 2387.8994 2490.5345 2489.4887 2443.1099 2496.7187 2479.9674
c3   580.9670 2209.462    0.0000  579.7637  592.0727  470.1660  573.0625  573.0150  526.1403  579.5636  562.5035
c4   476.6073 2495.152  579.7637    0.0000  489.8430  496.2679  445.5399  448.4119  398.3110  454.1649  462.0320
c5   519.1319 2509.607  592.0727  489.8430    0.0000  508.8119  479.7290  474.8856  434.4149  482.3709  465.9344
c6   498.3625 2387.899  470.1660  496.2679  508.8119    0.0000  489.0532  489.1556  442.3060  495.5347  478.4494
c7   477.9861 2490.535  573.0625  445.5399  479.7290  489.0532    0.0000  408.6502  334.3170  334.2715  450.5434
c8   492.2507 2489.489  573.0150  448.4119  474.8856  489.1556  408.6502    0.0000  363.7371  417.7486  443.8822
c9   428.9977 2443.110  526.1403  398.3110  434.4149  442.3060  334.3170  363.7371    0.0000  344.3197  405.9038
c10  495.4049 2496.719  579.5636  454.1649  482.3709  495.5347  334.2715  417.7486  344.3197    0.0000  451.6529
c11  476.8767 2479.967  562.5035  462.0320  465.9344  478.4494  450.5434  443.8822  405.9038  451.6529    0.0000
c12  454.1947 2459.862  542.1649  415.6905  446.5667  458.0885  347.5845  379.0909  305.1962  355.6801  416.6381
c13  449.7699 2450.318  533.0346  407.7171  436.1702  449.0300  381.2176  380.7651  334.9565  387.1026  405.5617
          c12       c13
c1   454.1947  449.7699
c2  2459.8620 2450.3184
c3   542.1649  533.0346
c4   415.6905  407.7171
c5   446.5667  436.1702
c6   458.0885  449.0300
c7   347.5845  381.2176
c8   379.0909  380.7651
c9   305.1962  334.9565
c10  355.6801  387.1026
c11  416.6381  405.5617
c12    0.0000  349.7042
c13  349.7042    0.0000

$intercls.average
           c1       c2       c3       c4       c5        c6        c7        c8        c9       c10       c11       c12
c1    0.00000 599.9499 228.1555 135.4838 175.4290 125.37244 119.41882 144.69083  99.13425 144.66354 143.95530 128.72726
c2  599.94989   0.0000 391.3211 597.3779 645.2458 565.37591 677.92202 629.74537 597.80503 645.29144 595.61632 601.35308
c3  228.15546 391.3211   0.0000 217.6077 266.1004 184.88392 292.32871 245.99876 213.39461 260.16282 212.78948 216.21685
c4  135.48378 597.3779 217.6077   0.0000 136.9737 109.27504 119.20869 111.74591 101.52106 112.29818 107.96406 101.93286
c5  175.42898 645.2458 266.1004 136.9737   0.0000 138.07808 130.33155 110.81906 135.28469 108.29446 114.24929 115.98248
c6  125.37244 565.3759 184.8839 109.2750 138.0781   0.00000 127.41859 107.24676  85.74583 111.36320  93.97282  89.03806
c7  119.41882 677.9220 292.3287 119.2087 130.3315 127.41859   0.00000 104.47417  95.86503  97.13999 121.86836 108.47739
c8  144.69083 629.7454 245.9988 111.7459 110.8191 107.24676 104.47417   0.00000 101.43335  86.76185  89.85061  88.45527
c9   99.13425 597.8050 213.3946 101.5211 135.2847  85.74583  95.86503 101.43335   0.00000 102.51430  97.60064  84.76211
c10 144.66354 645.2914 260.1628 112.2982 108.2945 111.36320  97.13999  86.76185 102.51430   0.00000  92.39782  90.14435
c11 143.95530 595.6163 212.7895 107.9641 114.2493  93.97282 121.86836  89.85061  97.60064  92.39782   0.00000  82.10298
c12 128.72726 601.3531 216.2168 101.9329 115.9825  89.03806 108.47739  88.45527  84.76211  90.14435  82.10298   0.00000
c13 133.14327 580.2969 195.6735 102.6214 118.9809  82.60676 122.68722  90.12364  86.34349  94.67452  76.37510  76.17223
          c13
c1  133.14327
c2  580.29685
c3  195.67347
c4  102.62135
c5  118.98090
c6   82.60676
c7  122.68722
c8   90.12364
c9   86.34349
c10  94.67452
c11  76.37510
c12  76.17223
c13   0.00000

$intercls.centroid
           c1       c2       c3        c4        c5        c6        c7        c8        c9       c10       c11       c12
c1    0.00000 596.0241 217.0761  69.53608 126.83550  74.79159  92.73950 103.35358  42.18619 107.99404 102.25966  84.02059
c2  596.02413   0.0000 386.7264 594.91402 643.23741 563.23631 675.98923 627.91321 595.67824 643.63603 593.97305 599.50272
c3  217.07614 386.7264   0.0000 208.41460 259.05372 176.56461 290.23207 242.03104 210.29118 257.59476 208.77738 213.06052
c4   69.53608 594.9140 208.4146   0.00000  66.54989  33.98628  85.79199  44.31998  29.53897  55.66969  34.68128  16.65421
c5  126.83550 643.2374 259.0537  66.54989   0.00000  92.45227  83.58238  26.43872  88.64556  23.50877  51.41482  53.82517
c6   74.79159 563.2363 176.5646  33.98628  92.45227   0.00000 115.78727  70.22858  42.08780  84.14761  44.84194  39.93769
c7   92.73950 675.9892 290.2321  85.79199  83.58238 115.78727   0.00000  74.29166  80.46611  63.40982 102.89432  87.48805
c8  103.35358 627.9132 242.0310  44.31998  26.43872  70.22858  74.29166   0.00000  63.93133  16.70523  34.92298  31.44425
c9   42.18619 595.6782 210.2912  29.53897  88.64556  42.08780  80.46611  63.93133   0.00000  71.91267  60.57284  42.32793
c10 107.99404 643.6360 257.5948  55.66969  23.50877  84.14761  63.40982  16.70523  71.91267   0.00000  50.57534  45.69794
c11 102.25966 593.9731 208.7774  34.68128  51.41482  44.84194 102.89432  34.92298  60.57284  50.57534   0.00000  20.57341
c12  84.02059 599.5027 213.0605  16.65421  53.82517  39.93769  87.48805  31.44425  42.32793  45.69794  20.57341   0.00000
c13  92.54607 578.6517 192.6353  30.94200  69.35992  27.61071 109.79441  49.47807  52.27985  65.32514  19.29167  23.64645
          c13
c1   92.54607
c2  578.65172
c3  192.63527
c4   30.94200
c5   69.35992
c6   27.61071
c7  109.79441
c8   49.47807
c9   52.27985
c10  65.32514
c11  19.29167
c12  23.64645
c13   0.00000

$intercls.ave_to_cent
           c1       c2       c3        c4        c5        c6        c7        c8        c9       c10       c11       c12
c1    0.00000 597.1464 221.4695 108.25878 153.58905 100.73167 104.84418 125.67974  73.52762 127.33387 123.72994 108.17424
c2  597.14638   0.0000 387.8675 595.85697 643.99261 563.78498 676.62613 628.55249 596.18022 644.20992 594.39255 600.10982
c3  221.46950 387.8675   0.0000 210.91701 261.55207 179.29363 291.26187 243.60018 211.58414 258.71734 210.22520 214.36165
c4  108.25878 595.8570 210.9170   0.00000 107.04379  72.62273 100.14662  82.61238  68.72834  85.27786  75.00008  69.45861
c5  153.58905 643.9926 261.5521 107.04379   0.00000 110.10576 109.49409  77.72615 111.30205  76.98498  81.39685  87.28050
c6  100.73167 563.7850 179.2936  72.62273 110.10576   0.00000 120.07453  86.47600  67.12257  94.39212  72.54316  67.00065
c7  104.84418 676.6261 291.2619 100.14662 109.49409 120.07453   0.00000  90.03457  86.12788  81.57956 112.47424  97.51913
c8  125.67974 628.5525 243.6002  82.61238  77.72615  86.47600  90.03457   0.00000  84.27940  62.16600  65.99031  66.16554
c9   73.52762 596.1802 211.5841  68.72834 111.30205  67.12257  86.12788  84.27940   0.00000  87.28458  82.11052  67.19258
c10 127.33387 644.2099 258.7173  85.27786  76.98498  94.39212  81.57956  62.16600  87.28458   0.00000  71.33895  69.76893
c11 123.72994 594.3926 210.2252  75.00008  81.39685  72.54316 112.47424  65.99031  82.11052  71.33895   0.00000  59.80128
c12 108.17424 600.1098 214.3617  69.45861  87.28050  67.00065  97.51913  66.16554  67.19258  69.76893  59.80128   0.00000
c13 111.60943 579.0138 193.6304  66.33130  88.20480  61.15914 115.61953  67.87315  72.10456  76.61230  54.44910  54.50568
          c13
c1  111.60943
c2  579.01376
c3  193.63036
c4   66.33130
c5   88.20480
c6   61.15914
c7  115.61953
c8   67.87315
c9   72.10456
c10  76.61230
c11  54.44910
c12  54.50568
c13   0.00000

$intercls.hausdorff
            c1       c2        c3         c4         c5         c6         c7         c8         c9        c10        c11
c1     0.00000 532.3118  299.3474   92.15191  143.67123  138.63858  216.92399  106.26543  157.65494  182.17006  144.35939
c2  2022.96187   0.0000 1917.7780 2045.05137 2014.64072 2001.88465 2224.00807 2081.95345 2156.30830 2161.63766 2045.86008
c3   141.63197 235.9488    0.0000  128.82202  118.74568   84.28707  307.64397  165.30180  239.41646  246.45733  146.54095
c4   121.64105 527.7678  292.4975    0.00000   56.26702  125.22119  187.48470   74.66407  124.70392  129.04915   70.97538
c5   144.16290 534.2311  304.3562   81.20229    0.00000  139.68452  220.69377   87.65816  154.16847  147.48896   66.14121
c6    88.68835 413.4594  178.4914   48.04966   59.78707    0.00000  224.19201   82.92138  156.04828  163.62548   64.75975
c7    56.16765 517.9838  282.2872   57.93282   88.44576  106.06490    0.00000   85.18818   50.66682   85.73858   93.44321
c8   125.89556 513.2270  282.1823   56.17639   54.97506  110.62818  165.61717    0.00000  112.64304   92.91532   46.73294
c9    46.48780 472.5166  236.6694   30.87883   63.70113   67.28430   68.49270   54.24306    0.00000   61.56658   69.31708
c10  129.46695 520.7296  288.1055   43.23396   33.66829  111.49645   94.97508   26.82945   85.92091    0.00000   39.93461
c11  125.90370 504.3144  270.8402   42.06690   33.58303   93.46463  195.60148   55.19300  131.52023  116.60958    0.00000
c12   99.46785 484.9444  250.4615   26.52211   43.61725   72.62084   86.98055   39.65506   66.30089   38.54677   37.85693
c13   97.46188 474.5348  241.5417   25.51232   41.63577   65.56692  119.80543   39.64051   62.72611   62.58433   27.11853
           c12        c13
c1   156.57032  137.74206
c2  2143.09318 2110.25776
c3   225.55687  192.58263
c4   100.89753   96.41708
c5   135.23986  101.47430
c6   141.77146  108.77418
c7    85.44906  106.02491
c8    84.28277   67.76827
c9    52.27192   68.92595
c10   47.97269   46.83386
c11  109.86483   77.89708
c12    0.00000   34.04155
c13   37.01038    0.00000

$cluster.center
         [,1]       [,2]     [,3]     [,4]     [,5]
c1  201.14073  -8.987771 3.819457 236.2056 5.356128
c2  112.96962 -14.326143 3.650290 825.6475 5.990667
c3  124.00218 -10.003483 3.815956 439.1042 7.045843
c4  132.54935 -19.191466 3.655127 231.0762 5.167610
c5   86.57818 -20.331649 2.951444 182.9802 5.883006
c6  131.29270  -7.200214 3.809457 262.7635 2.802439
c7  163.29313  -9.712447 2.736107 151.5506 5.431711
c8  105.23041  -9.117341 3.073857 197.8078 8.220792
c9  159.31903  -7.088877 3.757198 231.8232 8.149826
c10 107.74065 -10.430404 3.059784 182.0498 3.453934
c11  98.99633 -10.550502 3.885628 231.8546 3.878888
c12 117.92531 -13.879972 3.668185 226.1707 8.517851
c13 109.31065  -6.914961 3.907536 247.0603 8.499858

$cluster.size
 [1] 119  38 167 103 130 287 116 158 180 133 222 150 278

attr(,"class")
[1] "cls.list"

[1] "**********************************************************************************************************"

Memory  taken for K20 execution is         [,1]
"pamf" 66.3

Time  taken for K20 execution is  [1] 1.78

K20 silhoutee total average is -0.109908 
K20 silhoutee all values are Silhouette of 961 units in 13 clusters from silhouette.default(x = thresholdclusters, dist = dist(thresholddata)) :
 Cluster sizes and average silhouette widths:
         76          55          60          76          62          61          44         128          75          97 
 0.07747127 -0.19774362 -0.37977922 -0.09890788  0.05126151 -0.34479844  0.11652227 -0.14392686 -0.22191909 -0.02841801 
         75          89          63 
-0.04612841 -0.08525623 -0.13859815 
Individual silhouette widths:
    Min.  1st Qu.   Median     Mean  3rd Qu.     Max. 
-0.64660 -0.27190 -0.09843 -0.10990  0.05047  0.39040 

Intra and inter cluster distances for K20 is $intracls.complete
           c1       c2       c3      c4       c5       c6     c7       c8       c9     c10      c11      c12      c13
[1,] 1733.973 586.5848 531.3991 360.258 320.3075 394.5886 183.06 268.1465 333.7467 360.263 292.4929 305.0798 315.6499

$intracls.average
           c1       c2       c3       c4       c5       c6       c7       c8       c9      c10      c11      c12      c13
[1,] 193.9848 118.2358 134.5925 81.07528 82.78031 94.07017 61.11353 69.52414 83.01665 63.48055 61.91209 63.16555 72.35069

$intracls.centroid
           c1       c2       c3      c4       c5       c6      c7       c8       c9      c10      c11      c12      c13
[1,] 138.0855 82.08766 92.53981 55.3276 57.73374 64.50923 42.6258 49.89704 57.77219 44.11951 43.16816 44.22969 48.57198

$intercls.single
            c1        c2        c3        c4        c5        c6         c7        c8        c9       c10       c11
c1    0.000000 16.482032 21.690660 17.920909  7.557440 10.314612 136.087766  7.272880 26.600875  8.145672  9.245537
c2   16.482032  0.000000 14.980979 40.279978 14.096255 14.294560   8.881906 17.317762 38.142146 30.576982  8.859482
c3   21.690660 14.980979  0.000000  9.070711 10.200368  7.920137  14.874272  8.338886  8.045949 10.446009 12.166610
c4   17.920909 40.279978  9.070711  0.000000  7.039993  7.394721   9.867368  5.314067  5.265755  6.104505  7.719353
c5    7.557440 14.096255 10.200368  7.039993  0.000000  7.018898  17.226881  5.301785  7.840989  5.544219  7.830916
c6   10.314612 14.294560  7.920137  7.394721  7.018898  0.000000   7.317083  6.146212  7.198849  7.369881  7.265755
c7  136.087766  8.881906 14.874272  9.867368 17.226881  7.317083   0.000000 10.475591  9.962430  9.116816  5.910312
c8    7.272880 17.317762  8.338886  5.314067  5.301785  6.146212  10.475591  0.000000  6.132112  5.056786  5.616824
c9   26.600875 38.142146  8.045949  5.265755  7.840989  7.198849   9.962430  6.132112  0.000000  5.348011  7.034425
c10   8.145672 30.576982 10.446009  6.104505  5.544219  7.369881   9.116816  5.056786  5.348011  0.000000  6.398357
c11   9.245537  8.859482 12.166610  7.719353  7.830916  7.265755   5.910312  5.616824  7.034425  6.398357  0.000000
c12  10.338067  7.064452 11.928099  7.030566  7.702165  7.537208   6.407052  5.696341  6.811245  7.183206  5.857906
c13  16.450952  9.441141 10.072341  6.743292  8.161667  6.122836   7.382611  6.679510  7.173650  7.825738  5.399480
          c12       c13
c1  10.338067 16.450952
c2   7.064452  9.441141
c3  11.928099 10.072341
c4   7.030566  6.743292
c5   7.702165  8.161667
c6   7.537208  6.122836
c7   6.407052  7.382611
c8   5.696341  6.679510
c9   6.811245  7.173650
c10  7.183206  7.825738
c11  5.857906  5.399480
c12  0.000000  6.505459
c13  6.505459  0.000000

$intercls.complete
          c1        c2        c3        c4        c5        c6        c7        c8        c9       c10       c11
c1     0.000 2056.8405 2073.8371 2027.9916 1932.2701 2018.6159 2039.3323 1935.1445 2057.7298 2009.2242 1933.6336
c2  2056.841    0.0000  620.6394  571.7635  472.0802  550.5046  575.4828  480.0083  599.3884  552.7339  467.4019
c3  2073.837  620.6394    0.0000  484.0193  460.7740  485.7124  505.0796  407.6088  513.6361  464.8893  435.9815
c4  2027.992  571.7635  484.0193    0.0000  412.6009  396.9510  389.1752  360.1441  389.7702  378.5951  387.7519
c5  1932.270  472.0802  460.7740  412.6009    0.0000  416.7904  436.8660  319.7755  442.1899  393.3986  337.9593
c6  2018.616  550.5046  485.7124  396.9510  416.7904    0.0000  413.6244  352.6570  426.6206  378.2354  377.8328
c7  2039.332  575.4828  505.0796  389.1752  436.8660  413.6244    0.0000  370.5337  332.4841  389.5475  396.9974
c8  1935.145  480.0083  407.6088  360.1441  319.7755  352.6570  370.5337    0.0000  389.8731  341.9703  296.0766
c9  2057.730  599.3884  513.6361  389.7702  442.1899  426.6206  332.4841  389.8731    0.0000  408.3298  417.4401
c10 2009.224  552.7339  464.8893  378.5951  393.3986  378.2354  389.5475  341.9703  408.3298    0.0000  369.6944
c11 1933.634  467.4019  435.9815  387.7519  337.9593  377.8328  396.9974  296.0766  417.4401  369.6944    0.0000
c12 1958.368  496.2025  426.4552  377.7995  347.7426  365.7252  385.6817  289.3891  406.9373  359.4765  316.2153
c13 2062.872  594.3278  529.8555  411.6445  460.6673  438.9023  290.3588  396.9026  354.6830  415.9511  422.0541
          c12       c13
c1  1958.3680 2062.8717
c2   496.2025  594.3278
c3   426.4552  529.8555
c4   377.7995  411.6445
c5   347.7426  460.6673
c6   365.7252  438.9023
c7   385.6817  290.3588
c8   289.3891  396.9026
c9   406.9373  354.6830
c10  359.4765  415.9511
c11  316.2153  422.0541
c12    0.0000  409.9169
c13  409.9169    0.0000

$intercls.average
          c1       c2       c3        c4        c5        c6        c7        c8        c9       c10       c11       c12
c1    0.0000 277.9887 369.8740 364.95435 229.62066 300.68794 409.36513 287.30665 352.87266 317.79777 305.74120 313.87240
c2  277.9887   0.0000 196.4652 179.69837 142.27371 141.59281 166.37915 136.03252 169.71075 146.15757 112.39519 115.66465
c3  369.8740 196.4652   0.0000 110.66972 170.12605 131.85151 136.45822 129.23635 111.63066 114.83429 135.13617 131.80923
c4  364.9544 179.6984 110.6697   0.00000 153.12807 107.75412 112.04379 103.51167  83.09976  85.53490 110.85884 106.48680
c5  229.6207 142.2737 170.1261 153.12807   0.00000 110.50698 199.61034  94.41287 140.61151 110.91968 113.67423 119.15207
c6  300.6879 141.5928 131.8515 107.75412 110.50698   0.00000 135.52667  83.38370  99.84071  82.38819  87.82541  88.57353
c7  409.3651 166.3791 136.4582 112.04379 199.61034 135.52667   0.00000 142.86356 116.33102 123.15395 112.26425 105.93236
c8  287.3066 136.0325 129.2363 103.51167  94.41287  83.38370 142.86356   0.00000  93.74638  70.70060  81.13874  83.08857
c9  352.8727 169.7108 111.6307  83.09976 140.61151  99.84071 116.33102  93.74638   0.00000  79.02331 101.34016  98.62945
c10 317.7978 146.1576 114.8343  85.53490 110.91968  82.38819 123.15395  70.70060  79.02331   0.00000  80.61519  80.63902
c11 305.7412 112.3952 135.1362 110.85884 113.67423  87.82541 112.26425  81.13874 101.34016  80.61519   0.00000  62.65447
c12 313.8724 115.6646 131.8092 106.48680 119.15207  88.57353 105.93236  83.08857  98.62945  80.63902  62.65447   0.00000
c13 386.2047 159.5168 123.6566  97.48842 175.04428 116.56152  72.15534 120.47582  99.63379 102.48185  97.97603  92.53330
          c13
c1  386.20471
c2  159.51680
c3  123.65661
c4   97.48842
c5  175.04428
c6  116.56152
c7   72.15534
c8  120.47582
c9   99.63379
c10 102.48185
c11  97.97603
c12  92.53330
c13   0.00000

$intercls.centroid
          c1        c2        c3        c4        c5        c6        c7        c8        c9       c10        c11
c1    0.0000 263.84079 362.20561 362.06711 222.77162 297.29605 407.52095 285.14581 350.61626 315.89715 303.562576
c2  263.8408   0.00000 150.84183 149.22731  96.67029  91.05074 153.22369  92.33377 139.08932 110.68166  66.215992
c3  362.2056 150.84183   0.00000  10.41359 139.72200  68.75177  92.86833  79.28148  14.04938  49.24785  85.578417
c4  362.0671 149.22731  10.41359   0.00000 139.33161  68.17105  90.20551  77.90926  12.56585  47.35187  83.356009
c5  222.7716  96.67029 139.72200 139.33161   0.00000  76.31432 194.36430  63.10255 127.89056  93.35452  92.845903
c6  297.2960  91.05074  68.75177  68.17105  76.31432   0.00000 120.86302  16.49793  56.45473  23.64916  36.605737
c7  407.5210 153.22369  92.86833  90.20551 194.36430 120.86302   0.00000 134.87913  93.77088 111.58592 104.401198
c8  285.1458  92.33377  79.28148  77.90926  63.10255  16.49793 134.87913   0.00000  66.60379  31.40206  45.842927
c9  350.6163 139.08932  14.04938  12.56585 127.89056  56.45473  93.77088  66.60379   0.00000  35.91238  73.532058
c10 315.8972 110.68166  49.24785  47.35187  93.35452  23.64916 111.58592  31.40206  35.91238   0.00000  48.833518
c11 303.5626  66.21599  85.57842  83.35601  92.84590  36.60574 104.40120  45.84293  73.53206  48.83352   0.000000
c12 311.9316  73.17713  79.37146  76.86539  99.92257  37.70892  96.20434  48.72375  67.77555  46.71080   9.734321
c13 384.7973 138.87707  63.20799  60.82094 167.75598  92.62141  31.05133 106.78809  63.17584  81.73037  81.966374
           c12       c13
c1  311.931582 384.79726
c2   73.177133 138.87707
c3   79.371461  63.20799
c4   76.865390  60.82094
c5   99.922572 167.75598
c6   37.708922  92.62141
c7   96.204344  31.05133
c8   48.723747 106.78809
c9   67.775553  63.17584
c10  46.710801  81.73037
c11   9.734321  81.96637
c12   0.000000  73.53581
c13  73.535812   0.00000

$intercls.ave_to_cent
          c1        c2        c3        c4        c5        c6        c7        c8        c9       c10       c11
c1    0.0000 268.27338 364.05775 363.09862 224.60175 298.24897 408.38999 285.86733 351.56498 316.59475 304.38338
c2  268.2734   0.00000 174.85646 164.50428 121.31625 119.03337 159.34766 112.80306 153.55611 126.69528  89.40036
c3  364.0578 174.85646   0.00000  73.12777 152.50256 102.01545 117.59801  95.83911  75.25515  78.87634 109.09313
c4  363.0986 164.50428  73.12777   0.00000 145.00957  89.08328 102.03090  87.29339  58.59533  66.48212  97.60565
c5  224.6018 121.31625 152.50256 145.00957   0.00000  92.92652 196.78962  78.30553 132.07117 100.28063 102.68855
c6  298.2490 119.03337 102.01545  89.08328  92.92652   0.00000 127.84463  56.50123  78.15706  57.03487  65.74003
c7  408.3900 159.34766 117.59801 102.03090 196.78962 127.84463   0.00000 138.62092 106.42433 117.31151 107.29376
c8  285.8673 112.80306  95.83911  87.29339  78.30553  56.50123 138.62092   0.00000  76.31410  52.85641  66.96783
c9  351.5650 153.55611  75.25515  58.59533 132.07117  78.15706 106.42433  76.31410   0.00000  58.38220  87.60488
c10 316.5948 126.69528  78.87634  66.48212 100.28063  57.03487 117.31151  52.85641  58.38220   0.00000  66.94078
c11 304.3834  89.40036 109.09313  97.60565 102.68855  65.74003 107.29376  66.96783  87.60488  66.94078   0.00000
c12 312.6698  92.63080 103.28623  92.09095 108.78893  66.35440  99.99791  68.57672  83.58147  66.47788  44.48332
c13 385.4467 147.81794  96.20478  80.68293 170.46229 103.25525  55.08866 111.97943  83.36114  91.27552  88.24898
          c12       c13
c1  312.66978 385.44666
c2   92.63080 147.81794
c3  103.28623  96.20478
c4   92.09095  80.68293
c5  108.78893 170.46229
c6   66.35440 103.25525
c7   99.99791  55.08866
c8   68.57672 111.97943
c9   83.58147  83.36114
c10  66.47788  91.27552
c11  44.48332  88.24898
c12   0.00000  80.84205
c13  80.84205   0.00000

$intercls.hausdorff
          c1         c2         c3         c4         c5         c6        c7         c8         c9        c10        c11
c1    0.0000 1470.37215 1545.66134 1670.92869 1617.42199 1631.14103 1863.5883 1669.00529 1725.31158 1650.24460 1642.42226
c2  331.5793    0.00000  157.49686  237.07997  182.40708  193.71392  395.1617  215.33546  288.23162  199.26262  186.55436
c3  346.8390  184.63836    0.00000  125.43961  153.70650  112.73807  338.0056  144.54834  180.00483  119.71282  172.43481
c4  297.8690  155.16306   34.19703    0.00000  103.36664   63.64115  226.4031   93.07947   57.06925   69.19240  122.67293
c5  199.3552  116.47245   63.54203   72.21441    0.00000   37.53402  272.6002   81.21333  108.45943   67.72215   77.49670
c6  286.8306  114.31847   54.40415   58.96555  104.55971    0.00000  246.0626  109.27093   97.55344   82.91806   87.85967
c7  305.4254   90.23263   85.93573   88.89435  128.11687   72.79900    0.0000  132.42851  107.32806  111.48110  108.96562
c8  206.1144   96.27030   59.92298   69.05324   25.95423   34.52018  201.3862    0.00000   77.75455   35.35635   51.43060
c9  326.4587  144.19041   27.20054   40.95084  127.45134   87.69206  170.4687  123.02200    0.00000   57.02773  139.92631
c10 279.1757  137.98561   50.64784   50.46773   81.61138   47.64543  220.4100   74.21137   90.20433    0.00000   99.03565
c11 203.1811   54.85476   67.62408   75.60487   83.20859   51.13086  224.7996   72.76766  105.10000   76.82762    0.00000
c12 224.7220   75.83839   68.85147   76.69669   71.75036   50.80338  212.0771   66.28875  101.74637   71.60041   36.79432
c13 331.0621  105.76649   56.39652   76.10146  144.66842   55.39552  121.0294  150.29086   86.61717  106.04114  130.98835
           c12        c13
c1  1653.95198 1749.21378
c2   194.85245  288.16316
c3   136.76110  217.07819
c4    96.31639  115.01207
c5    88.87573  152.61060
c6    78.67467  125.11382
c7   101.29934   59.27419
c8    56.04978   81.63570
c9   104.75996   85.85839
c10   63.21643  100.60109
c11   29.92233  107.18614
c12    0.00000   95.93947
c13  117.18056    0.00000

$cluster.center
         [,1]       [,2]     [,3]     [,4]     [,5]
c1  123.85265 -10.954094 3.786601 545.2642 6.377476
c2  197.50351 -10.524269 3.900830 291.9121 6.181668
c3   91.97688 -20.440114 2.978755 184.5901 5.722087
c4   93.99253 -10.416968 3.269534 184.4336 7.673385
c5  106.05143 -10.113420 3.831851 323.2119 4.835451
c6  117.87855 -15.636286 3.766846 248.0669 7.428001
c7  172.84793  -7.873543 3.086951 140.7118 6.799561
c8  110.78099  -7.419644 3.840284 260.4475 8.432330
c9   97.14159 -13.683263 3.478848 195.6832 4.399813
c10 105.92396  -7.470868 3.749447 229.9142 2.936191
c11 152.93066  -7.217841 3.760542 243.1351 3.410849
c12 152.10757  -7.291185 3.685022 234.6412 8.092947
c13 150.16415 -12.115934 3.085479 161.3739 4.629207

$cluster.size
 [1]  76  55  60  76  62  61  44 128  75  97  75  89  63

attr(,"class")
[1] "cls.list"

[1] "**********************************************************************************************************"

Memory  taken for K25 execution is         [,1]
"pamf" 59.4

Time  taken for K25 execution is  [1] 1.46

K25 silhoutee total average is -0.089583 
K25 silhoutee all values are Silhouette of 754 units in 13 clusters from silhouette.default(x = thresholdclusters, dist = dist(thresholddata)) :
 Cluster sizes and average silhouette widths:
         53          55          49          53          65          40          51          50          71          47 
-0.21744239  0.35682130 -0.16986376  0.05698877 -0.32059528 -0.35345475  0.13658162 -0.23632874 -0.05954653 -0.16658562 
         59          81          80 
-0.14786359 -0.15416977  0.03441858 
Individual silhouette widths:
    Min.  1st Qu.   Median     Mean  3rd Qu.     Max. 
-0.71710 -0.26700 -0.08798 -0.08958  0.07881  0.63550 

Intra and inter cluster distances for K25 is $intracls.complete
           c1       c2       c3       c4       c5       c6       c7      c8       c9      c10     c11      c12      c13
[1,] 1607.337 274.6226 469.4985 222.1874 304.8049 355.8937 236.1233 416.999 285.9282 220.9403 252.174 262.8886 164.9664

$intracls.average
           c1       c2      c3       c4       c5       c6       c7      c8       c9      c10      c11      c12      c13
[1,] 220.6816 74.68883 105.641 67.56996 84.52362 92.69053 59.91862 103.862 66.04428 66.08642 62.15658 68.37988 52.91037

$intracls.centroid
           c1       c2       c3       c4       c5       c6       c7       c8       c9      c10      c11      c12      c13
[1,] 153.9478 53.08493 72.53583 47.05372 60.23138 63.35784 40.54597 70.26318 45.91753 46.33707 43.28704 48.17433 37.92679

$intercls.single
            c1        c2        c3         c4        c5        c6        c7        c8        c9       c10       c11
c1    0.000000  8.438967 30.294171 113.978512 14.694303 16.213782 66.964017 19.887336 11.740459 15.339927 17.906904
c2    8.438967  0.000000 11.828318  39.204571  8.063346 14.472840 13.834516 31.844758  9.093335  6.601278  9.183107
c3   30.294171 11.828318  0.000000   9.989389 11.856302 22.818018 32.272554 69.963198 57.199944 12.000678  8.832983
c4  113.978512 39.204571  9.989389   0.000000  9.181573 10.279314  8.139320 23.449477 27.160651 10.920106  8.225999
c5   14.694303  8.063346 11.856302   9.181573  0.000000  7.869600  6.642767  7.755937  5.820051  6.749713  7.630286
c6   16.213782 14.472840 22.818018  10.279314  7.869600  0.000000  9.253380 10.420240 12.767889  8.973489 11.044556
c7   66.964017 13.834516 32.272554   8.139320  6.642767  9.253380  0.000000  8.939467  6.986585  7.804633  6.247677
c8   19.887336 31.844758 69.963198  23.449477  7.755937 10.420240  8.939467  0.000000  7.784766  8.249471 10.080542
c9   11.740459  9.093335 57.199944  27.160651  5.820051 12.767889  6.986585  7.784766  0.000000  6.727905 10.237581
c10  15.339927  6.601278 12.000678  10.920106  6.749713  8.973489  7.804633  8.249471  6.727905  0.000000  7.332535
c11  17.906904  9.183107  8.832983   8.225999  7.630286 11.044556  6.247677 10.080542 10.237581  7.332535  0.000000
c12  12.014644  6.440805 32.069149   9.580411  6.946464  9.605825  7.913137  8.595010  5.651313  6.673533  6.541829
c13  44.265484  7.392919  8.909104   8.119716  6.826583 10.718903  6.992120  8.964650  6.680629  6.108778  6.148222
          c12       c13
c1  12.014644 44.265484
c2   6.440805  7.392919
c3  32.069149  8.909104
c4   9.580411  8.119716
c5   6.946464  6.826583
c6   9.605825 10.718903
c7   7.913137  6.992120
c8   8.595010  8.964650
c9   5.651313  6.680629
c10  6.673533  6.108778
c11  6.541829  6.148222
c12  0.000000  5.824569
c13  5.824569  0.000000

$intercls.complete
          c1        c2        c3        c4        c5        c6        c7        c8        c9       c10       c11
c1     0.000 1678.9947 1922.0784 1929.0731 1871.5259 1941.2904 1903.3079 1937.8514 1834.0492 1835.6976 1837.3343
c2  1678.995    0.0000  518.2159  522.8554  466.7646  536.0887  497.1945  536.0916  431.4142  430.6798  433.4321
c3  1922.078  518.2159    0.0000  481.7327  431.8651  499.0002  457.8828  506.1688  400.9399  395.8324  400.8859
c4  1929.073  522.8554  481.7327    0.0000  362.9987  345.0322  263.3365  417.6766  386.8211  315.9817  340.8234
c5  1871.526  466.7646  431.8651  362.9987    0.0000  374.4570  336.7195  373.5604  324.7665  268.8656  284.9511
c6  1941.290  536.0887  499.0002  345.0322  374.4570    0.0000  318.7780  424.3866  395.0254  326.6687  354.0574
c7  1903.308  497.1945  457.8828  263.3365  336.7195  318.7780    0.0000  390.1807  359.4826  289.3314  314.9919
c8  1937.851  536.0916  506.1688  417.6766  373.5604  424.3866  390.1807    0.0000  389.6740  325.3743  355.5856
c9  1834.049  431.4142  400.9399  386.8211  324.7665  395.0254  359.4826  389.6740    0.0000  289.6015  289.8644
c10 1835.698  430.6798  395.8324  315.9817  268.8656  326.6687  289.3314  325.3743  289.6015    0.0000  248.8318
c11 1837.334  433.4321  400.8859  340.8234  284.9511  354.0574  314.9919  355.5856  289.8644  248.8318    0.0000
c12 1800.538  395.9967  392.0728  391.8525  333.8762  403.5932  365.5304  402.6324  297.9531  297.9416  300.1458
c13 1801.783  395.7501  352.9380  288.5721  238.8688  300.7072  262.0899  303.4191  267.0933  195.4787  214.7075
          c12       c13
c1  1800.5376 1801.7831
c2   395.9967  395.7501
c3   392.0728  352.9380
c4   391.8525  288.5721
c5   333.8762  238.8688
c6   403.5932  300.7072
c7   365.5304  262.0899
c8   402.6324  303.4191
c9   297.9531  267.0933
c10  297.9416  195.4787
c11  300.1458  214.7075
c12    0.0000  266.9173
c13  266.9173    0.0000

$intercls.average
          c1       c2       c3        c4        c5        c6        c7        c8        c9       c10       c11       c12
c1    0.0000 194.5161 308.5123 423.36305 328.67987 376.94622 413.22439 391.26038 320.86270 329.17420 343.90540 307.94524
c2  194.5161   0.0000 151.4590 250.94207 162.71982 209.20754 242.70173 231.20106 158.24704 160.55452 172.39351 143.47941
c3  308.5123 151.4590   0.0000 151.57245 135.96818 156.59276 167.22929 194.29476 145.28047 128.63601 112.00708 131.33523
c4  423.3630 250.9421 151.5724   0.00000 124.21001 104.39881  80.04376 134.53909 136.70478 118.42948  95.84583 137.74404
c5  328.6799 162.7198 135.9682 124.21001   0.00000  96.06965 103.32580 115.79180  79.19048  75.32604  82.57952  78.96728
c6  376.9462 209.2075 156.5928 104.39881  96.06965   0.00000  84.61450 107.63229  95.92898  89.18975  91.07824 100.43592
c7  413.2244 242.7017 167.2293  80.04376 103.32580  84.61450   0.00000  99.62748 108.43458  98.66596  91.67319 116.06249
c8  391.2604 231.2011 194.2948 134.53909 115.79180 107.63229  99.62748   0.00000 107.67567 111.16293 123.48041 119.45350
c9  320.8627 158.2470 145.2805 136.70478  79.19048  95.92898 108.43458 107.67567   0.00000  69.91513  87.69585  69.43850
c10 329.1742 160.5545 128.6360 118.42948  75.32604  89.18975  98.66596 111.16293  69.91513   0.00000  72.73965  69.16104
c11 343.9054 172.3935 112.0071  95.84583  82.57952  91.07824  91.67319 123.48041  87.69585  72.73965   0.00000  81.91043
c12 307.9452 143.4794 131.3352 137.74404  78.96728 100.43592 116.06249 119.45350  69.43850  69.16104  81.91043   0.00000
c13 330.8351 159.0848 108.5304 104.00079  76.37366  90.42066  97.02403 122.55580  78.44558  64.94298  58.66146  71.93897
          c13
c1  330.83505
c2  159.08481
c3  108.53039
c4  104.00079
c5   76.37366
c6   90.42066
c7   97.02403
c8  122.55580
c9   78.44558
c10  64.94298
c11  58.66146
c12  71.93897
c13   0.00000

$intercls.centroid
          c1       c2        c3        c4        c5        c6        c7        c8        c9       c10       c11       c12
c1    0.0000 171.7210 295.44206 420.56881 325.72343 374.51359 411.48002 388.05518 318.67443 326.74849 340.70187 304.92245
c2  171.7210   0.0000 130.20560 248.97924 156.46176 205.06415 241.11596 223.55625 152.68350 157.14987 169.06517 136.49630
c3  295.4421 130.2056   0.00000 137.17957  95.54918 124.93360 150.24425 162.38022 111.41601  93.95352  76.17283  92.93035
c4  420.5688 248.9792 137.17957   0.00000 106.94374  70.02610  48.76894 100.84006 124.96622 104.87648  81.06797 127.56810
c5  325.7234 156.4618  95.54918 106.94374   0.00000  49.38154  86.17638  72.38513  22.92827   4.74009  36.88138  22.35644
c6  374.5136 205.0641 124.93360  70.02610  49.38154   0.00000  39.53830  43.07534  61.97107  48.53871  50.31646  71.30425
c7  411.4800 241.1160 150.24425  48.76894  86.17638  39.53830   0.00000  54.30654  97.51921  84.90175  77.18959 107.37166
c8  388.0552 223.5562 162.38022 100.84006  72.38513  43.07534  54.30654   0.00000  71.24791  72.87895  87.99538  88.83381
c9  318.6744 152.6835 111.41601 124.96622  22.92827  61.97107  97.51921  71.24791   0.00000  24.82531  58.39750  20.79094
c10 326.7485 157.1499  93.95352 104.87648   4.74009  48.53871  84.90175  72.87895  24.82531   0.00000  34.57957  24.09800
c11 340.7019 169.0652  76.17283  81.06797  36.88138  50.31646  77.18959  87.99538  58.39750  34.57957   0.00000  51.70440
c12 304.9224 136.4963  92.93035 127.56810  22.35644  71.30425 107.37166  88.83381  20.79094  24.09800  51.70440   0.00000
c13 327.9993 156.4250  72.26593  94.44689  29.06907  56.61422  87.12163  90.61161  49.19798  26.28554  14.53003  39.88312
          c13
c1  327.99928
c2  156.42496
c3   72.26593
c4   94.44689
c5   29.06907
c6   56.61422
c7   87.12163
c8   90.61161
c9   49.19798
c10  26.28554
c11  14.53003
c12  39.88312
c13   0.00000

$intercls.ave_to_cent
          c1       c2        c3        c4        c5        c6        c7        c8        c9       c10       c11       c12
c1    0.0000 178.4409 300.12922 421.87821 326.81844 375.56057 412.29393 389.11613 319.42628 327.82490 342.06167 305.86195
c2  178.4409   0.0000 139.49913 249.89708 158.32003 206.37775 241.84009 226.60725 154.63657 158.31985 170.24932 138.41759
c3  300.1292 139.4991   0.00000 143.17411 117.04085 141.27255 158.29337 179.03876 128.51434 112.32690  93.91239 112.29242
c4  421.8782 249.8971 143.17411   0.00000 114.67488  87.33110  66.16281 118.59546 130.26388 110.90804  87.03506 132.03070
c5  326.8184 158.3200 117.04085 114.67488   0.00000  72.94725  92.86050  93.73310  58.15476  54.65886  64.63155  56.03142
c6  375.5606 206.3778 141.27255  87.33110  72.94725   0.00000  63.24164  82.01544  76.53424  68.97915  70.06769  81.77274
c7  412.2939 241.8401 158.29337  66.16281  92.86050  63.24164   0.00000  79.23769 101.69612  90.69330  83.14913 110.43838
c8  389.1161 226.6073 179.03876 118.59546  93.73310  82.01544  79.23769   0.00000  86.82859  92.75498 105.61623 100.39418
