Memory  taken for K0 execution is        [,1]
"pam"    0

Time  taken for K0 execution is  [1] 202.74

[1] "K0 silhoutee total average is -0.101922 "

[1] "K0 silhoutee all values are "
Silhouette of 10000 units in 13 clusters from silhouette.default(x = finalclustersoriginal, dist = dist(datamatrix)) :
 Cluster sizes and average silhouette widths:
        996         916         749         621         864        1244         989         603         862         836 
 0.01516385 -0.28284920 -0.09438624 -0.22565602 -0.11668053 -0.06499881 -0.06056154  0.17739362 -0.05928838 -0.01181945 
        512         406         402 
-0.28657179 -0.32128704 -0.22798902 
Individual silhouette widths:
    Min.  1st Qu.   Median     Mean  3rd Qu.     Max. 
-0.65130 -0.19890 -0.08690 -0.10190  0.01691  0.49250 

Intra and inter cluster distances for K0 is $intracls.complete
           c1       c2      c3      c4       c5       c6       c7       c8       c9      c10      c11      c12      c13
[1,] 334.4915 673.8505 435.377 2683.77 451.7654 379.6403 356.6841 535.6075 521.7797 384.2392 526.1933 799.0467 516.6971

$intracls.average
           c1       c2       c3       c4       c5       c6       c7       c8       c9      c10      c11     c12     c13
[1,] 66.97874 113.2754 83.90851 192.3531 80.62484 72.33117 71.67011 104.9439 90.34186 71.27705 109.5283 135.436 105.232

$intracls.centroid
           c1       c2       c3       c4       c5       c6       c7       c8       c9      c10      c11      c12      c13
[1,] 47.39054 78.55543 58.41314 136.9527 56.76611 51.08087 50.57798 75.11422 62.88224 49.45973 75.87656 92.92259 73.09423

$intercls.single
          c1       c2        c3       c4       c5        c6       c7       c8        c9       c10      c11      c12      c13
c1  0.000000 2.579083  1.005242 6.071069 1.546705  1.080565 1.314206 2.144452  1.078216  1.233380 3.131510 3.731563 3.035936
c2  2.579083 0.000000  2.138883 4.800186 1.724000  1.329176 4.968358 2.532526  4.516441  3.198030 3.726909 2.761886 4.417897
c3  1.005242 2.138883  0.000000 8.915480 7.916489  1.990136 5.635337 2.409326  1.809748 11.483062 4.750173 3.849914 2.693004
c4  6.071069 4.800186  8.915480 0.000000 3.910059  9.515510 2.275747 1.898214  4.577755  2.531013 3.727788 4.667754 4.145004
c5  1.546705 1.724000  7.916489 3.910059 0.000000  2.885726 1.139920 3.785366  5.258348  1.144204 2.554401 2.576308 4.726263
c6  1.080565 1.329176  1.990136 9.515510 2.885726  0.000000 4.280762 1.880364 15.036818  1.598689 3.993196 2.500937 2.530753
c7  1.314206 4.968358  5.635337 2.275747 1.139920  4.280762 0.000000 3.648310  2.034388  1.415410 2.573441 6.684374 4.274509
c8  2.144452 2.532526  2.409326 1.898214 3.785366  1.880364 3.648310 0.000000  2.324487  2.593876 3.206347 3.019501 3.628218
c9  1.078216 4.516441  1.809748 4.577755 5.258348 15.036818 2.034388 2.324487  0.000000 27.140226 3.210537 5.167605 3.335973
c10 1.233380 3.198030 11.483062 2.531013 1.144204  1.598689 1.415410 2.593876 27.140226  0.000000 2.710413 4.056814 2.544940
c11 3.131510 3.726909  4.750173 3.727788 2.554401  3.993196 2.573441 3.206347  3.210537  2.710413 0.000000 1.818846 1.850201
c12 3.731563 2.761886  3.849914 4.667754 2.576308  2.500937 6.684374 3.019501  5.167605  4.056814 1.818846 0.000000 3.157248
c13 3.035936 4.417897  2.693004 4.145004 4.726263  2.530753 4.274509 3.628218  3.335973  2.544940 1.850201 3.157248 0.000000

$intercls.complete
           c1        c2        c3       c4        c5        c6        c7        c8        c9       c10       c11       c12
c1     0.0000  660.2319  459.7541 2997.354  451.0340  363.0937  374.7146  785.3612  542.5141  411.6223  517.5287  787.0059
c2   660.2319    0.0000  641.7139 3008.041  661.0953  676.4873  638.7652  800.1851  657.0410  632.7650  668.8255  798.6181
c3   459.7541  641.7139    0.0000 2975.773  460.9803  472.9462  444.1160  763.9964  516.8134  437.9261  500.1877  766.5085
c4  2997.3543 3008.0406 2975.7727    0.000 2998.3300 3012.5939 2977.1094 2747.3651 2986.9299 2971.1193 3005.4586 3010.0711
c5   451.0340  661.0953  460.9803 2998.330    0.0000  468.4159  429.8085  786.4236  543.7379  421.8668  518.4010  787.9281
c6   363.0937  676.4873  472.9462 3012.594  468.4159    0.0000  389.3698  800.0730  554.4544  427.9994  533.9759  802.6618
c7   374.7146  638.7652  444.1160 2977.109  429.8085  389.3698    0.0000  766.5264  528.8847  390.1984  495.7964  766.5168
c8   785.3612  800.1851  763.9964 2747.365  786.4236  800.0730  766.5264    0.0000  778.0687  760.4153  793.2526  799.9709
c9   542.5141  657.0410  516.8134 2986.930  543.7379  554.4544  528.8847  778.0687    0.0000  522.8144  553.0870  780.2474
c10  411.6223  632.7650  437.9261 2971.119  421.8668  427.9994  390.1984  760.4153  522.8144    0.0000  489.8972  760.4811
c11  517.5287  668.8255  500.1877 3005.459  518.4010  533.9759  495.7964  793.2526  553.0870  489.8972    0.0000  795.2851
c12  787.0059  798.6181  766.5085 3010.071  787.9281  802.6618  766.5168  799.9709  780.2474  760.4811  795.2851    0.0000
c13  493.0476  680.0182  476.8537 3003.549  493.9766  509.5818  471.1691  798.8609  549.5555  465.1729  539.5865  800.8243
          c13
c1   493.0476
c2   680.0182
c3   476.8537
c4  3003.5486
c5   493.9766
c6   509.5818
c7   471.1691
c8   798.8609
c9   549.5555
c10  465.1729
c11  539.5865
c12  800.8243
c13    0.0000

$intercls.average
           c1        c2        c3       c4        c5        c6        c7       c8        c9       c10       c11      c12       c13
c1    0.00000  99.35452  83.09989 303.4085  84.39225  77.58363  71.98138 195.2275  94.47116  83.07786  92.60943 114.9046  91.25457
c2   99.35452   0.00000 120.64649 312.4466  98.81440  95.90516 102.56224 208.6517 132.12295  98.39522 114.56634 125.2637 115.20406
c3   83.09989 120.64649   0.00000 301.3596 110.26108 102.79509  88.75562 198.0538  89.29304 109.48353 108.82540 136.0861 104.92949
c4  303.40848 312.44660 301.35955   0.0000 308.55908 304.38951 280.78021 165.3456 309.67693 289.02939 315.80376 326.1503 326.97224
c5   84.39225  98.81440 110.26108 308.5591   0.00000  77.48097  86.46457 201.2845 123.60599  78.24527 100.76507 111.8914 102.66439
c6   77.58363  95.90516 102.79509 304.3895  77.48097   0.00000  79.89636 196.1612 116.90957  73.84815  96.82766 109.9564  98.00672
c7   71.98138 102.56224  88.75562 280.7802  86.46457  79.89636   0.00000 174.2443 100.77277  81.23527  98.36197 119.4812  99.37827
c8  195.22750 208.65169 198.05380 165.3456 201.28445 196.16123 174.24428   0.0000 208.22631 182.54585 212.72407 225.2070 221.82812
c9   94.47116 132.12295  89.29304 309.6769 123.60599 116.90957 100.77277 208.2263   0.00000 124.17327 117.94639 146.8322 113.08459
c10  83.07786  98.39522 109.48353 289.0294  78.24527  73.84815  81.23527 182.5458 124.17327   0.00000 101.53251 113.1166 104.87234
c11  92.60943 114.56634 108.82540 315.8038 100.76507  96.82766  98.36197 212.7241 117.94639 101.53251   0.00000 126.7557 108.18274
c12 114.90463 125.26373 136.08613 326.1503 111.89143 109.95641 119.48122 225.2070 146.83221 113.11656 126.75567   0.0000 126.92874
c13  91.25457 115.20406 104.92949 326.9722 102.66439  98.00672  99.37827 221.8281 113.08459 104.87234 108.18274 126.9287   0.00000

$intercls.centroid
           c1        c2        c3       c4         c5         c6        c7       c8        c9       c10       c11       c12
c1    0.00000  31.31425  33.84525 301.9328  37.254432  31.763817  24.04900 192.7043  48.11727  43.39623  12.69423  38.24434
c2   31.31425   0.00000  63.77852 305.8432  11.387292  12.434789  37.73202 196.3233  77.97293  26.60370  22.71417   8.89502
c3   33.84525  63.77852   0.00000 296.4022  70.725913  64.618574  41.44710 189.5045  17.27713  73.10676  45.52657  71.12189
c4  301.93276 305.84315 296.40215   0.0000 305.838119 302.154224 278.77665 109.8140 304.09646 286.29451 308.88498 311.61207
c5   37.25443  11.38729  70.72591 305.8381   0.000000   9.984196  40.98719 196.4943  85.02586  21.03836  27.84032  10.50167
c6   31.76382  12.43479  64.61857 302.1542   9.984196   0.000000  35.40772 192.5238  79.76550  19.33685  24.35680  15.28540
c7   24.04900  37.73202  41.44710 278.7767  40.987187  35.407718   0.00000 169.5218  57.02651  35.02490  30.67939  45.62560
c8  192.70431 196.32330 189.50452 109.8140 196.494335 192.523811 169.52177   0.0000 198.92208 177.09078 199.44124 202.20104
c9   48.11727  77.97293  17.27713 304.0965  85.025860  79.765498  57.02651 198.9221   0.00000  88.92168  58.53460  84.94505
c10  43.39623  26.60370  73.10676 286.2945  21.038364  19.336847  35.02490 177.0908  88.92168   0.00000  38.98834  29.28532
c11  12.69423  22.71417  45.52657 308.8850  27.840323  24.356797  30.67939 199.4412  58.53460  38.98834   0.00000  27.97720
c12  38.24434   8.89502  71.12189 311.6121  10.501672  15.285399  45.62560 202.2010  84.94505  29.28532  27.97720   0.00000
c13  20.39883  33.84698  44.88538 321.8019  39.437485  35.951335  43.70884 212.4168  55.41052  53.10390  15.91194  37.01798
          c13
c1   20.39883
c2   33.84698
c3   44.88538
c4  321.80186
c5   39.43748
c6   35.95134
c7   43.70884
c8  212.41683
c9   55.41052
c10  53.10390
c11  15.91194
c12  37.01798
c13   0.00000

$intercls.ave_to_cent
           c1        c2        c3       c4        c5        c6        c7       c8        c9       c10       c11       c12
c1    0.00000  72.01117  62.64129 302.5004  65.54955  59.97638  52.51535 193.5110  74.85079  66.37575  59.13668  74.74835
c2   72.01117   0.00000  97.15879 307.7265  69.20966  64.65772  75.36723 201.1283 109.08077  70.54402  81.84742  83.45067
c3   62.64129  97.15879   0.00000 298.0613  93.01095  85.63908  68.76820 192.8296  63.73098  93.36383  80.79537 103.23556
c4  302.50036 307.72652 298.06133   0.0000 306.84035 302.97177 279.49718 132.0197 306.01054 287.19783 310.42055 315.53010
c5   65.54955  69.20966  93.01095 306.8403   0.00000  54.72589  67.37481 198.0777 106.67573  56.20354  70.43995  69.69698
c6   59.97638  64.65772  85.63908 302.9718  54.72589   0.00000  61.47077 193.7371  99.86226  53.30156  64.05835  64.31617
c7   52.51535  75.36723  68.76820 279.4972  67.37481  61.47077   0.00000 170.6807  81.86567  62.94238  66.13262  79.53325
c8  193.51096 201.12832 192.82962 132.0197 198.07767 193.73709 170.68070   0.0000 202.56696 178.61670 203.75835 210.36198
c9   74.85079 109.08077  63.73098 306.0105 106.67573  99.86226  81.86567 202.5670   0.00000 108.52691  91.57952 115.60280
c10  66.37575  70.54402  93.36383 287.1978  56.20354  53.30156  62.94238 178.6167 108.52691   0.00000  72.58698  70.92649
c11  59.13668  81.84742  80.79537 310.4205  70.43995  64.05835  66.13262 203.7584  91.57952  72.58698   0.00000  88.91042
c12  74.74835  83.45067 103.23556 315.5301  69.69698  64.31617  79.53325 210.3620 115.60280  70.92649  88.91042   0.00000
c13  58.49546  84.84648  76.99276 323.2413  74.39085  67.49239  69.57562 215.1433  87.05274  78.70376  75.81952  91.87061
          c13
c1   58.49546
c2   84.84648
c3   76.99276
c4  323.24127
c5   74.39085
c6   67.49239
c7   69.57562
c8  215.14328
c9   87.05274
c10  78.70376
c11  75.81952
c12  91.87061
c13   0.00000

$intercls.hausdorff
            c1         c2         c3        c4         c5         c6         c7        c8         c9        c10        c11
c1     0.00000   21.93852   37.12300 314.62337   35.83484   46.36714   32.24414  250.0462   49.08574   57.85361   16.65687
c2   333.57471    0.00000  240.46428 332.61089  215.34428  298.22061  296.27858  266.9982  224.43272  249.95669  143.98787
c3   131.73358   78.86375    0.00000 292.37537  148.33843  166.80530  103.51912  229.3082   29.09623  147.79761   84.28076
c4  2663.76051 2340.11219 2544.46411   0.00000 2554.29842 2636.06636 2623.86226 2213.1014 2473.57025 2587.05848 2482.01694
c5   149.58877   34.24096  143.15142 315.63205    0.00000   91.90846  118.79469  251.1007  144.89136   55.23449   42.53258
c6    73.37997   25.00843   98.16772 329.16951   21.74068    0.00000   57.63638  265.4327  111.10689   55.31636   37.76219
c7    40.78556   25.64035   61.31823 296.73407   47.87644   66.64057    0.00000  231.4679   69.17821   53.00431   22.65432
c8   453.09319  155.51028  345.50711  65.98923  358.77995  428.49316  414.10614    0.0000  301.87949  379.73675  280.19374
c9   220.03013  118.33702   88.82583 305.08208  222.15864  230.76954  184.54179  244.0696    0.00000  195.91961  126.38753
c10   95.61424   20.65411   96.30937 290.63149   46.26542   49.55655   68.89771  225.1983  113.61251    0.00000   43.63576
c11  193.43451   40.52826  131.26615 322.23729  101.09769  155.06895  158.06819  258.3174  140.30723  110.78624    0.00000
c12  455.66697  131.76147  346.97602 330.48236  346.50098  425.76483  416.70713  264.8938  301.52436  376.87289  272.05506
c13  171.89920   58.61378  125.23436 327.39607   96.46304  130.34562  138.61453  268.6495  134.71699  126.09789   34.30293
           c12        c13
c1    28.04491   21.58732
c2    42.97486  168.26002
c3    80.37666   84.06730
c4  2211.06316 2507.04398
c5    23.25466   49.09533
c6    24.48650   34.05906
c7    33.42077   22.12493
c8   126.98192  305.20407
c9   115.13209  141.15768
c10   30.36895   39.44495
c11   54.78713   44.78235
c12    0.00000  297.10340
c13   62.97630    0.00000

$cluster.center
         [,1]       [,2]     [,3]     [,4]     [,5]
c1  134.78041  -8.100775 3.970884 216.4669 5.833333
c2  105.76703 -19.453942 4.048035 213.3373 5.498908
c3  167.41078  -8.148943 4.036048 224.7210 2.280374
c4  126.99710 -10.005576 3.966184 518.2802 8.644122
c5   97.96527 -11.985302 3.968750 213.8299 9.072917
c6  103.23950  -8.382536 4.008039 217.1359 2.147910
c7  129.48886  -7.013714 4.007078 239.5339 9.966633
c8  122.11902  -9.835658 3.988391 408.7247 2.908789
c9  182.75196  -8.945784 4.042923 219.3411 8.074246
c10  95.05669  -6.356373 4.023923 233.8002 7.162679
c11 125.15007  -9.213461 1.000000 209.4160 8.769531
c12  99.28746 -19.202650 1.000000 208.0714 5.268473
c13 132.57275  -7.978313 1.000000 196.5945 3.097015

$cluster.size
 [1]  996  916  749  621  864 1244  989  603  862  836  512  406  402

attr(,"class")
[1] "cls.list"

[1] "**********************************************************************************************************"

Memory  taken for K10 execution is         [,1]
"pamf" 24.5

Time  taken for K10 execution is  [1] 0.92

K10 silhoutee total average is -0.096639 
K10 silhoutee all values are Silhouette of 718 units in 13 clusters from silhouette.default(x = thresholdclusters, dist = dist(thresholddata)) :
 Cluster sizes and average silhouette widths:
         51          61          51          44          23          51          47          75          69         104 
-0.07419741  0.14443132 -0.05256040 -0.18365211 -0.30287358 -0.18415519 -0.29676816 -0.02251937 -0.01509312 -0.17398000 
         37          71          34 
-0.18459021 -0.04333524 -0.07690703 
Individual silhouette widths:
    Min.  1st Qu.   Median     Mean  3rd Qu.     Max. 
-0.75200 -0.25010 -0.09877 -0.09664  0.05673  0.45560 

Intra and inter cluster distances for K10 is $intracls.complete
           c1       c2       c3       c4      c5      c6       c7       c8       c9      c10      c11      c12      c13
[1,] 446.4049 1722.664 365.1272 256.6471 492.353 408.251 353.4993 268.1569 246.7809 368.1561 349.4763 254.5071 315.4388

$intracls.average
          c1       c2      c3       c4      c5       c6       c7      c8       c9      c10      c11      c12      c13
[1,] 101.594 200.4837 73.7102 90.33009 129.969 81.83902 101.9814 67.5824 74.56972 75.39623 91.78882 67.86969 77.58946

$intracls.centroid
           c1       c2       c3       c4       c5       c6       c7       c8       c9      c10      c11      c12      c13
[1,] 70.07421 137.6449 50.85586 62.89141 88.88737 55.70731 69.68045 46.50253 53.79857 53.15969 61.88728 46.98068 50.86938

$intercls.single
           c1        c2        c3        c4        c5        c6        c7        c8        c9       c10       c11       c12
c1   0.000000 19.292475 10.054528 28.624109 63.962577 18.193101 12.820970 35.168341 13.480517 13.359184 13.004905  8.713548
c2  19.292475  0.000000 18.530849 26.715904 12.572586  8.471499  9.610659  9.167426  6.085005  7.856853  9.585908  9.832396
c3  10.054528 18.530849  0.000000 14.993010 49.522273  7.203840 12.913911 15.814952  6.896762  5.209266  7.390184  5.729581
c4  28.624109 26.715904 14.993010  0.000000  9.237817  7.889069  8.908940  7.599350 10.844033  9.879073 11.830771  7.664347
c5  63.962577 12.572586 49.522273  9.237817  0.000000 12.443599 10.513365  9.338452 15.445915 10.468009 39.191753 34.878371
c6  18.193101  8.471499  7.203840  7.889069 12.443599  0.000000  7.821384  6.038286  7.268358  6.939454  8.008186  7.110205
c7  12.820970  9.610659 12.913911  8.908940 10.513365  7.821384  0.000000  6.248579  7.595555  7.970866  7.917799  8.062775
c8  35.168341  9.167426 15.814952  7.599350  9.338452  6.038286  6.248579  0.000000  5.661743  5.736969 12.588730  7.643969
c9  13.480517  6.085005  6.896762 10.844033 15.445915  7.268358  7.595555  5.661743  0.000000  4.756303  8.228319  5.852987
c10 13.359184  7.856853  5.209266  9.879073 10.468009  6.939454  7.970866  5.736969  4.756303  0.000000  6.487925  4.432314
c11 13.004905  9.585908  7.390184 11.830771 39.191753  8.008186  7.917799 12.588730  8.228319  6.487925  0.000000  5.562380
c12  8.713548  9.832396  5.729581  7.664347 34.878371  7.110205  8.062775  7.643969  5.852987  4.432314  5.562380  0.000000
c13 42.395676 19.563585  9.387340  9.033704  8.669947  7.060121  8.079571  6.576796  7.092905  6.532284  7.971222  6.824734
          c13
c1  42.395676
c2  19.563585
c3   9.387340
c4   9.033704
c5   8.669947
c6   7.060121
c7   8.079571
c8   6.576796
c9   7.092905
c10  6.532284
c11  7.971222
c12  6.824734
c13  0.000000

$intercls.complete
           c1       c2        c3        c4        c5        c6        c7        c8        c9       c10       c11       c12
c1     0.0000 1933.863  479.2403  526.4885  531.4864  494.3892  462.2973  460.6960  365.9872  433.7769  525.9877  463.9221
c2  1933.8633    0.000 1964.1557 2000.3255 1999.7917 1969.4399 1935.7846 1919.3065 1841.7398 1876.6136 2004.4664 1946.6061
c3   479.2403 1964.156    0.0000  405.2865  467.9538  411.6044  388.4684  335.9118  371.7206  456.5519  406.6342  347.3134
c4   526.4885 2000.325  405.2865    0.0000  493.9335  438.8196  418.0153  349.4087  406.5670  491.2753  346.9872  311.5304
c5   531.4864 1999.792  467.9538  493.9335    0.0000  463.7444  429.8600  411.9264  408.2560  492.3392  500.0929  447.1877
c6   494.3892 1969.440  411.6044  438.8196  463.7444    0.0000  387.2300  358.4277  375.0824  459.9657  444.3119  390.8618
c7   462.2973 1935.785  388.4684  418.0153  429.8600  387.2300    0.0000  342.3281  341.7312  426.5070  422.8167  368.2052
c8   460.6960 1919.307  335.9118  349.4087  411.9264  358.4277  342.3281    0.0000  332.6185  415.2794  355.8010  304.9088
c9   365.9872 1841.740  371.7206  406.5670  408.2560  375.0824  341.7312  332.6185    0.0000  332.0331  409.5798  352.5232
c10  433.7769 1876.614  456.5519  491.2753  492.3392  459.9657  426.5070  415.2794  332.0331    0.0000  494.7062  437.6830
c11  525.9877 2004.466  406.6342  346.9872  500.0929  444.3119  422.8167  355.8010  409.5798  494.7062    0.0000  312.9393
c12  463.9221 1946.606  347.3134  311.5304  447.1877  390.8618  368.2052  304.9088  352.5232  437.6830  312.9393    0.0000
c13  494.1763 1970.262  372.7424  345.4117  465.8272  410.0106  388.5454  321.5373  375.3984  460.5225  349.7105  295.0948
          c13
c1   494.1763
c2  1970.2619
c3   372.7424
c4   345.4117
c5   465.8272
c6   410.0106
c7   388.5454
c8   321.5373
c9   375.3984
c10  460.5225
c11  349.7105
c12  295.0948
c13    0.0000

$intercls.average
          c1       c2        c3        c4       c5        c6        c7        c8        c9       c10       c11       c12       c13
c1    0.0000 279.5544 123.38877 172.03438 179.2333 154.94614 136.24013 143.75870 117.20443 124.39403 144.82108 110.07871 163.00939
c2  279.5544   0.0000 353.43078 377.29383 280.6266 351.55287 277.08244 309.65801 255.66199 285.44517 372.00882 319.37175 363.54370
c3  123.3888 353.4308   0.00000 107.28107 167.1114  97.63677 127.56369 109.52872 121.59402 107.15827  84.95711  77.83940  99.00802
c4  172.0344 377.2938 107.28107   0.00000 149.7223  87.89792 129.73379  97.29514 136.34835 113.73689 104.57456 105.25636  84.56118
c5  179.2333 280.6266 167.11138 149.72233   0.0000 139.41456 123.70414 111.23504 122.53872 118.88571 172.47489 143.23648 141.06458
c6  154.9461 351.5529  97.63677  87.89792 139.4146   0.00000 116.34432  86.56898 118.90715  98.93724  98.81683  92.20862  79.25110
c7  136.2401 277.0824 127.56369 129.73379 123.7041 116.34432   0.00000  92.41935  91.40163  90.73308 137.36679 103.67588 121.08471
c8  143.7587 309.6580 109.52872  97.29514 111.2350  86.56898  92.41935   0.00000  89.26059  76.99232 115.82644  89.64724  87.80142
c9  117.2044 255.6620 121.59402 136.34835 122.5387 118.90715  91.40163  89.26059   0.00000  79.31545 136.88422  92.30724 126.21184
c10 124.3940 285.4452 107.15827 113.73689 118.8857  98.93724  90.73308  76.99232  79.31545   0.00000 119.51505  83.77644 103.82953
c11 144.8211 372.0088  84.95711 104.57456 172.4749  98.81683 137.36679 115.82644 136.88422 119.51505   0.00000  92.24021  97.88010
c12 110.0787 319.3718  77.83940 105.25636 143.2365  92.20862 103.67588  89.64724  92.30724  83.77644  92.24021   0.00000  96.13308
c13 163.0094 363.5437  99.00802  84.56118 141.0646  79.25110 121.08471  87.80142 126.21184 103.82953  97.88010  96.13308   0.00000

$intercls.centroid
           c1       c2        c3        c4        c5        c6        c7        c8        c9       c10       c11       c12
c1    0.00000 266.1453  96.85079 150.94204 128.23994 126.35445  88.00855 113.38655  72.26105  83.66772 120.28571  75.89355
c2  266.14531   0.0000 350.40748 375.12382 266.33055 348.47019 270.93220 307.40358 250.78062 281.22875 369.51047 317.04693
c3   96.85079 350.4075   0.00000  69.06984 131.08300  55.91261  95.89532  82.58200 105.62012  82.88297  24.56452  35.78648
c4  150.94204 375.1238  69.06984   0.00000 119.38790  28.63855 104.20749  69.95280 126.14436  95.14067  50.95077  75.66356
c5  128.23994 266.3305 131.08300 119.38790   0.00000  97.17786  42.77471  52.99166  57.48252  53.01546 137.35334  98.86294
c6  126.35445 348.4702  55.91261  28.63855  97.17786   0.00000  77.88204  45.12069  98.69440  67.50147  47.88923  51.50290
c7   88.00855 270.9322  95.89532 104.20749  42.77471  77.88204   0.00000  39.39836  26.25001  15.49979 107.12448  61.10997
c8  113.38655 307.4036  82.58200  69.95280  52.99166  45.12069  39.39836   0.00000  62.79670  33.57845  85.69461  56.12450
c9   72.26105 250.7806 105.62012 126.14436  57.48252  98.69440  26.25001  62.79670   0.00000  31.84069 121.19860  70.01580
c10  83.66772 281.2287  82.88297  95.14067  53.01546  67.50147  15.49979  33.57845  31.84069   0.00000  94.78999  48.37549
c11 120.28571 369.5105  24.56452  50.95077 137.35334  47.88923 107.12448  85.69461 121.19860  94.78999   0.00000  52.64409
c12  75.89355 317.0469  35.78648  75.66356  98.86294  51.50290  61.10997  56.12450  70.01580  48.37549  52.64409   0.00000
c13 139.02741 361.4589  62.07509  17.28227 107.22670  14.41404  90.85470  55.99242 111.91224  80.87376  48.76712  63.41692
          c13
c1  139.02741
c2  361.45887
c3   62.07509
c4   17.28227
c5  107.22670
c6   14.41404
c7   90.85470
c8   55.99242
c9  111.91224
c10  80.87376
c11  48.76712
c12  63.41692
c13   0.00000

$intercls.ave_to_cent
           c1       c2        c3        c4        c5        c6        c7        c8        c9       c10       c11       c12
c1    0.00000 270.8417 109.43629 160.85272 153.90629 140.94324 115.07988 128.55126  97.32951 104.93901 131.42621  92.08875
c2  270.84174   0.0000 351.58611 376.07165 269.39964 349.31493 272.35979 308.20364 251.76931 282.15351 370.59526 318.00479
c3  109.43629 351.5861   0.00000  89.66043 146.18948  79.41260 111.79418  96.63959 112.12728  93.69575  60.06040  58.87567
c4  160.85272 376.0716  89.66043   0.00000 129.66051  61.66016 113.94227  80.32013 128.71667 100.37652  82.14970  89.58170
c5  153.90629 269.3996 146.18948 129.66051   0.00000 117.01620  88.99248  76.76665  87.68306  82.76969 153.46852 115.60380
c6  140.94324 349.3149  79.41260  61.66016 117.01620   0.00000  97.63028  66.42410 105.82371  79.53097  76.38268  73.64667
c7  115.07988 272.3598 111.79418 113.94227  88.99248  97.63028   0.00000  67.37579  63.45917  61.44744 121.87151  82.45442
c8  128.55126 308.2036  96.63959  80.32013  76.76665  66.42410  67.37579   0.00000  74.97882  58.60321  99.55438  75.41643
c9   97.32951 251.7693 112.12728 128.71667  87.68306 105.82371  63.45917  74.97882   0.00000  60.09524 125.95458  78.77565
c10 104.93901 282.1535  93.69575 100.37652  82.76969  79.53097  61.44744  58.60321  60.09524   0.00000 103.50360  67.21358
c11 131.42621 370.5953  60.06040  82.14970 153.46852  76.38268 121.87151  99.55438 125.95458 103.50360   0.00000  71.31657
c12  92.08875 318.0048  58.87567  89.58170 115.60380  73.64667  82.45442  75.41643  78.77565  67.21358  71.31657   0.00000
c13 151.55286 362.2998  82.34812  59.55534 121.83846  54.74188 106.04477  70.07623 116.29207  88.43647  76.91653  79.87798
          c13
c1  151.55286
c2  362.29984
c3   82.34812
c4   59.55534
c5  121.83846
c6   54.74188
c7  106.04477
c8   70.07623
c9  116.29207
c10  88.43647
c11  76.91653
c12  79.87798
c13   0.00000

$intercls.hausdorff
            c1       c2         c3         c4         c5         c6         c7         c8         c9        c10        c11
c1     0.00000 234.6783  125.56694  272.10110  171.36801  157.25303  129.19628  209.85213  135.13035  117.88635  184.78681
c2  1487.47030   0.0000 1599.33549 1745.22605 1507.56514 1562.04037 1582.33381 1652.08299 1594.96223 1509.81248 1655.22068
c3    78.71294 247.1896    0.00000  149.30348  141.75702   76.40053   78.69958   95.38151  130.92844  109.14073   60.01134
c4   166.57366 278.7196  100.32461    0.00000   89.84160   64.86398   65.75354   93.00474  162.24818  124.65882   95.53854
c5   166.76716 280.9683  122.10504  242.18070    0.00000   62.91355   80.43456  145.02261  166.16879  124.61254  160.07697
c6   120.72848 247.1468   76.85882  186.75556   78.23443    0.00000   41.28815   90.33837  129.82470   96.02388  104.94419
c7   137.92065 213.8370   87.32178  164.98659  109.09180   77.28411    0.00000   81.37894   97.92444   61.02712   80.00352
c8   144.68254 208.2298   96.28808   98.92264   55.86212   43.25683   41.60581    0.00000   99.91646   59.65233   74.51939
c9    94.13807 119.4211   62.33815  150.90144   73.92712   83.82114   38.86356   75.02356    0.00000   23.01207   60.94205
c10  106.41988 156.6320   93.86656  235.78515   81.86412   72.41965   74.37702  149.20223   85.50740    0.00000  145.93214
c11  128.52058 281.8459   64.49723   90.60179  143.90923   70.83579  109.08774  126.01762  162.99495  139.41812    0.00000
c12   73.72340 226.5030   35.40179   56.75241  124.71564   58.17428   61.19140   82.00104  108.21016   87.29462   38.46956
c13  130.39191 247.6185   83.32377   92.30887   75.55238   36.56400   39.09485   67.83043  129.23652   98.79683   67.04414
           c12        c13
c1   216.60414  195.77267
c2  1692.29229 1655.09092
c3    93.80769   75.45755
c4    99.63273   48.52279
c5   197.79399  152.36635
c6   141.92482   96.11068
c7   117.52670   73.26201
c8    77.48820   46.60459
c9    98.43077   63.15442
c10  183.29696  146.25596
c11   67.06083   87.38939
c12    0.00000   77.09441
c13   69.47692    0.00000

$cluster.center
         [,1]       [,2]     [,3]     [,4]     [,5]
c1  195.25474  -9.566809 3.981535 277.6654 5.975258
c2  121.46302 -10.438727 3.764752 533.3745 6.307267
c3  165.00889  -7.066599 3.457299 185.7039 4.619475
c4  102.79603 -20.353242 3.088893 158.8473 6.120937
c5   67.22499 -14.680809 2.654166 272.6654 5.000390
c6  109.26591 -11.293991 3.294873 185.1284 3.776202
c7  108.78176 -16.430468 3.862888 262.8058 5.988812
c8   93.71879  -8.884513 3.737107 227.2327 7.700339
c9  123.24471  -7.504293 3.960978 282.6287 8.681727
c10 115.61675  -7.879150 3.859716 252.2372 3.038162
c11 152.71375 -12.364895 2.955740 165.1939 6.424740
c12 148.99675  -8.375166 3.669645 217.5351 7.669197
c13 104.56626  -9.872545 3.003855 172.3169 8.185047

$cluster.size
 [1]  51  61  51  44  23  51  47  75  69 104  37  71  34

attr(,"class")
[1] "cls.list"

[1] "**********************************************************************************************************"

Memory  taken for K20 execution is         [,1]
"pamf" 22.2

Time  taken for K20 execution is  [1] 0.22

K20 silhoutee total average is -0.087648 
K20 silhoutee all values are Silhouette of 330 units in 13 clusters from silhouette.default(x = thresholdclusters, dist = dist(thresholddata)) :
 Cluster sizes and average silhouette widths:
           1           33           16           40           15           19           25           21           26           30 
 0.000000000  0.318799844  0.002293845 -0.112159636 -0.322410845  0.214462565 -0.453902873 -0.119095347 -0.133461651 -0.425769574 
          42           38           24 
-0.006301188 -0.263178044  0.255169216 
Individual silhouette widths:
    Min.  1st Qu.   Median     Mean  3rd Qu.     Max. 
-0.68660 -0.32400 -0.10730 -0.08765  0.11000  0.57660 

Intra and inter cluster distances for K20 is $intracls.complete
     c1       c2       c3       c4       c5       c6       c7       c8       c9      c10      c11      c12      c13
[1,]  0 567.8198 249.4998 325.6339 374.5059 176.6914 386.7701 238.3046 207.4795 363.5486 214.2534 261.6949 153.1901

$intracls.average
     c1       c2       c3       c4       c5       c6       c7       c8       c9      c10      c11      c12      c13
[1,]  0 133.2673 88.06363 79.54157 126.3989 59.85325 117.2266 72.64396 65.35127 113.7566 57.65344 73.63961 50.82605

$intracls.centroid
     c1       c2       c3       c4       c5       c6      c7       c8       c9      c10      c11      c12      c13
[1,]  0 91.92725 60.18412 55.39706 85.38625 41.01232 79.8393 47.65009 45.99034 76.76626 39.96839 51.20621 34.96907

$intercls.single
           c1        c2         c3          c4         c5         c6          c7          c8          c9         c10         c11
c1     0.0000 747.20235 1210.15392 1224.991280 1211.47723 1425.21124 1126.866615 1253.324210 1241.495065 1256.338528 1251.234401
c2   747.2023   0.00000   30.06663   16.141205   25.94179  139.47031   19.807625   13.049439   11.168048   17.290341   11.815275
c3  1210.1539  30.06663    0.00000   10.981033  101.28315   13.51697   35.367549   45.739905   14.025134   14.292234   18.802389
c4  1224.9913  16.14120   10.98103    0.000000   49.08151   11.06574   11.180149   10.146621    9.222059   11.310341    7.776490
c5  1211.4772  25.94179  101.28315   49.081509    0.00000   58.66646   15.756673   17.668353   26.960152   18.291635   18.656272
c6  1425.2112 139.47031   13.51697   11.065739   58.66646    0.00000   39.318221   48.873888   18.083058   13.011614   18.303491
c7  1126.8666  19.80762   35.36755   11.180149   15.75667   39.31822    0.000000    9.461702    8.577511   11.182028    7.920335
c8  1253.3242  13.04944   45.73991   10.146621   17.66835   48.87389    9.461702    0.000000    7.842377   12.959020    8.011451
c9  1241.4951  11.16805   14.02513    9.222059   26.96015   18.08306    8.577511    7.842377    0.000000    9.378541    6.569111
c10 1256.3385  17.29034   14.29223   11.310341   18.29164   13.01161   11.182028   12.959020    9.378541    0.000000    9.238240
c11 1251.2344  11.81528   18.80239    7.776490   18.65627   18.30349    7.920335    8.011451    6.569111    9.238240    0.000000
c12 1276.9399  15.31264   20.94453    9.153123   12.37949   12.73929    8.113394    7.969708    6.952965   11.465477    6.975805
c13 1438.2252 124.48458   34.60924    9.542752   22.25888   13.27680   10.244285    7.161458    8.606152   10.597283    9.859426
            c12         c13
c1  1276.939947 1438.225157
c2    15.312640  124.484579
c3    20.944530   34.609236
c4     9.153123    9.542752
c5    12.379493   22.258878
c6    12.739288   13.276801
c7     8.113394   10.244285
c8     7.969708    7.161458
c9     6.952965    8.606152
c10   11.465477   10.597283
c11    6.975805    9.859426
c12    0.000000    8.013379
c13    8.013379    0.000000

$intercls.complete
          c1        c2        c3        c4        c5        c6        c7        c8        c9       c10       c11       c12
c1     0.000 1314.6854 1459.5710 1549.9281 1585.8664 1601.3270 1511.3812 1491.3652 1448.2911 1619.2530 1465.3617 1538.6064
c2  1314.685    0.0000  716.2454  803.0329  839.2656  854.9030  764.2740  744.4638  701.2958  872.0522  718.2075  791.7151
c3  1459.571  716.2454    0.0000  348.1953  402.9021  395.6477  363.5820  311.9297  266.5922  431.5386  283.2139  353.6895
c4  1549.928  803.0329  348.1953    0.0000  372.0360  376.3591  431.3170  304.0134  310.0288  401.1957  300.2822  322.8969
c5  1585.866  839.2656  402.9021  372.0360    0.0000  401.4911  459.3858  332.6428  346.5061  410.9345  336.9346  327.8015
c6  1601.327  854.9030  395.6477  376.3591  401.4911    0.0000  485.4483  358.5482  363.3290  351.5636  353.6295  332.5617
c7  1511.381  764.2740  363.5820  431.3170  459.3858  485.4483    0.0000  365.8423  323.5760  495.9249  341.7279  412.8522
c8  1491.365  744.4638  311.9297  304.0134  332.6428  358.5482  365.8423    0.0000  250.9923  368.2150  241.3549  285.4829
c9  1448.291  701.2958  266.5922  310.0288  346.5061  363.3290  323.5760  250.9923    0.0000  377.8493  224.0160  298.1744
c10 1619.253  872.0522  431.5386  401.1957  410.9345  351.5636  495.9249  368.2150  377.8493    0.0000  368.1275  343.4047
c11 1465.362  718.2075  283.2139  300.2822  336.9346  353.6295  341.7279  241.3549  224.0160  368.1275    0.0000  288.5687
c12 1538.606  791.7151  353.6895  322.8969  327.8015  332.5617  412.8522  285.4829  298.1744  343.4047  288.5687    0.0000
c13 1590.628  843.4369  394.1062  368.6867  382.7001  176.5268  467.6730  339.8531  349.1990  335.1728  339.4479  314.9577
          c13
c1  1590.6282
c2   843.4369
c3   394.1062
c4   368.6867
c5   382.7001
c6   176.5268
c7   467.6730
c8   339.8531
c9   349.1990
c10  335.1728
c11  339.4479
c12  314.9577
c13    0.0000

$intercls.average
          c1        c2         c3         c4        c5         c6         c7         c8         c9        c10        c11
c1     0.000 1159.3711 1363.91579 1379.54546 1443.4640 1500.95754 1384.85064 1378.00114 1384.30392 1453.06940 1406.62117
c2  1159.371    0.0000  226.98307  226.32786  295.3036  347.30195  241.18844  222.91568  227.92892  296.83576  249.66396
c3  1363.916  226.9831    0.00000   95.17668  192.9228  143.88162  153.19630  131.21623  114.76941  154.61112  118.62592
c4  1379.545  226.3279   95.17668    0.00000  154.8551  131.03965  119.53802   95.70078   82.13031  122.62381   83.85214
c5  1443.464  295.3036  192.92285  154.85508    0.0000  162.95379  132.10462  123.12334  126.93276  129.44427  117.78158
c6  1500.958  347.3019  143.88162  131.03965  162.9538    0.00000  160.54496  156.02793  138.85355  120.14189  122.67456
c7  1384.851  241.1884  153.19630  119.53802  132.1046  160.54496    0.00000   96.61216   96.28553  124.78065   92.93610
c8  1378.001  222.9157  131.21623   95.70078  123.1233  156.02793   96.61216    0.00000   70.57323  114.30759   72.12943
c9  1384.304  227.9289  114.76941   82.13031  126.9328  138.85355   96.28553   70.57323    0.00000  107.19549   62.90070
c10 1453.069  296.8358  154.61112  122.62381  129.4443  120.14189  124.78065  114.30759  107.19549    0.00000   96.39755
c11 1406.621  249.6640  118.62592   83.85214  117.7816  122.67456   92.93610   72.12943   62.90070   96.39755    0.00000
c12 1427.661  271.0044  136.51566  100.46369  112.8333  118.77069   99.28618   84.36343   77.87433   96.20824   68.19549
c13 1493.052  334.9616  158.83351  126.09914  120.0167   78.85494  125.36159  124.30375  113.75028   93.61909   93.69837
           c12        c13
c1  1427.66067 1493.05225
c2   271.00441  334.96156
c3   136.51566  158.83351
c4   100.46369  126.09914
c5   112.83331  120.01668
c6   118.77069   78.85494
c7    99.28618  125.36159
c8    84.36343  124.30375
c9    77.87433  113.75028
c10   96.20824   93.61909
c11   68.19549   93.69837
c12    0.00000   84.13248
c13   84.13248    0.00000

$intercls.centroid
          c1        c2         c3         c4         c5         c6         c7         c8         c9        c10        c11
c1     0.000 1159.1811 1363.77169 1379.47131 1443.35053 1500.86080 1384.70326 1377.94692 1384.18044 1452.82467 1406.48254
c2  1159.181    0.0000  216.30401  222.13736  289.04288  345.46721  227.17692  219.93778  225.09852  293.86205  247.41404
c3  1363.772  216.3040    0.00000   48.24535  157.20788  139.27816  108.28596  101.98800   85.27669  125.31242   95.06771
c4  1379.471  222.1374   48.24535    0.00000  109.98391  123.58573   61.24959   55.76433   37.68223   84.63430   47.55659
c5  1443.351  289.0429  157.20788  109.98391    0.00000  130.33299   64.72313   73.27866   78.72750   50.74639   62.73313
c6  1500.861  345.4672  139.27816  123.58573  130.33299    0.00000  144.94566  147.37310  132.21155   82.59475  114.15291
c7  1384.703  227.1769  108.28596   61.24959   64.72313  144.94566    0.00000   10.77157   24.71350   71.46545   31.82642
c8  1377.947  219.9378  101.98800   55.76433   73.27866  147.37310   10.77157    0.00000   19.80292   77.37995   33.40442
c9  1384.180  225.0985   85.27669   37.68223   78.72750  132.21155   24.71350   19.80292    0.00000   69.61498   22.91041
c10 1452.825  293.8621  125.31242   84.63430   50.74639   82.59475   71.46545   77.37995   69.61498    0.00000   47.65168
c11 1406.483  247.4140   95.06771   47.55659   62.73313  114.15291   31.82642   33.40442   22.91041   47.65168    0.00000
c12 1427.489  268.7366  113.75499   68.00367   44.85035  104.01670   45.14267   50.41715   44.61432   27.69020   23.30840
c13 1492.950  333.7716  151.36569  117.80468   78.51420   57.62341  112.87599  118.00389  109.06371   42.53697   86.93919
           c12        c13
c1  1427.48864 1492.95036
c2   268.73661  333.77156
c3   113.75499  151.36569
c4    68.00367  117.80468
c5    44.85035   78.51420
c6   104.01670   57.62341
c7    45.14267  112.87599
c8    50.41715  118.00389
c9    44.61432  109.06371
c10   27.69020   42.53697
c11   23.30840   86.93919
c12    0.00000   67.90938
c13   67.90938    0.00000

$intercls.ave_to_cent
          c1        c2         c3         c4         c5         c6         c7         c8         c9        c10        c11
c1     0.000 1159.3655 1363.90731 1379.54365 1443.45694 1500.95271 1384.84497 1377.99868 1384.29934 1453.06151 1406.61795
c2  1159.365    0.0000  220.66860  223.40193  290.53000  346.43165  230.60523  220.88618  225.99581  294.89532  248.24865
c3  1363.907  220.6686    0.00000   75.86876  175.57978  140.96670  135.10536  117.70716  100.88070  141.00625  105.85209
c4  1379.544  223.4019   75.86876    0.00000  129.65574  126.70734   92.77604   79.68224   65.27186  102.64237   68.00120
c5  1443.457  290.5300  175.57978  129.65574    0.00000  145.82180   99.66260   97.51741   98.54816   97.76995   82.02269
c6  1500.953  346.4316  140.96670  126.70734  145.82180    0.00000  152.45216  151.37857  135.19122  104.89549  118.09462
c7  1384.845  230.6052  135.10536   92.77604   99.66260  152.45216    0.00000   66.97723   68.11368   96.92831   64.13427
