Memory  taken for K0 execution is           [,1]
"kmeans" 58.4

Time  taken for K0 execution is  [1] 1.06

[1] "K0 silhoutee total average is 0.318540 "

[1] "K0 silhoutee all values are "
Silhouette of 20000 units in 13 clusters from silhouette.default(x = finalclustersoriginal, dist = dist(datamatrix)) :
 Cluster sizes and average silhouette widths:
     2377      2840      1577       973      3189       977      1438      2004       111      2776       304      1400 
0.3238650 0.3105170 0.2735822 0.3978824 0.3318718 0.3193133 0.2777101 0.3261625 0.4426583 0.3389839 0.3738646 0.2572030 
       34 
0.3925640 
Individual silhouette widths:
   Min. 1st Qu.  Median    Mean 3rd Qu.    Max. 
-0.1439  0.1813  0.3352  0.3185  0.4662  0.6309 

Intra and inter cluster distances for K0 is $intracls.complete
           c1       c2       c3       c4       c5       c6       c7       c8       c9      c10      c11      c12      c13
[1,] 126.7426 92.99105 137.7863 213.9718 114.6282 247.7291 214.5052 143.6951 412.2647 115.8728 241.2161 162.4787 1353.988

$intracls.average
           c1       c2       c3       c4       c5     c6       c7       c8      c9      c10      c11     c12      c13
[1,] 35.18972 32.07374 41.63111 52.41949 31.66073 58.208 50.00277 37.95221 119.396 29.63378 76.90167 45.3726 351.7731

$intracls.centroid
           c1       c2       c3      c4       c5       c6       c7       c8       c9      c10      c11      c12      c13
[1,] 25.30527 23.34074 29.91524 37.1217 22.91566 41.55534 35.16388 27.42886 84.63117 21.24078 55.35588 32.52312 261.0022

$intercls.single
            c1         c2         c3         c4         c5          c6         c7         c8        c9        c10
c1    0.000000   1.890953  65.646473 243.141513  43.477279    3.037710 159.299945 100.379362 539.59636   1.321104
c2    1.890953   0.000000   1.003528 181.087030   1.648674   61.279042  93.137521  40.040961 477.30734   1.622146
c3   65.646473   1.003528   0.000000  86.050468   1.400634  125.560986   5.427885   1.668428 380.39305  34.603852
c4  243.141513 181.087030  86.050468   0.000000 135.231603  312.546777   1.860963  62.268847 187.38358 190.104491
c5   43.477279   1.648674   1.400634 135.231603   0.000000  112.830679  63.114897   1.427779 432.09035   1.450508
c6    3.037710  61.279042 125.560986 312.546777 112.830679    0.000000 223.807950 169.097926 609.05183  59.099610
c7  159.299945  93.137521   5.427885   1.860963  63.114897  223.807950   0.000000   1.470943 297.04958 121.122113
c8  100.379362  40.040961   1.668428  62.268847   1.427779  169.097926   1.470943   0.000000 359.04743  56.511426
c9  539.596357 477.307342 380.393052 187.383579 432.090350  609.051834 297.049581 359.047431   0.00000 485.785328
c10   1.321104   1.622146  34.603852 190.104491   1.450508   59.099610 121.122113  56.511426 485.78533   0.000000
c11 354.033570 291.430115 197.807787   4.884792 246.102587  423.216405 111.135512 173.161545  13.45450 300.822895
c12   2.101243   2.404933   6.957500 213.166803  58.200644    4.249526 118.856772  97.298054 507.76158  19.413846
c13 959.473259 896.078345 798.050633 606.122876 856.659470 1028.232454 715.123440 785.124277  27.64934 912.298705
           c11        c12        c13
c1  354.033570   2.101243  959.47326
c2  291.430115   2.404933  896.07835
c3  197.807787   6.957500  798.05063
c4    4.884792 213.166803  606.12288
c5  246.102587  58.200644  856.65947
c6  423.216405   4.249526 1028.23245
c7  111.135512 118.856772  715.12344
c8  173.161545  97.298054  785.12428
c9   13.454504 507.761579   27.64934
c10 300.822895  19.413846  912.29871
c11   0.000000 324.186237  433.12519
c12 324.186237   0.000000  925.48456
c13 433.125193 925.484558    0.00000

$intercls.complete
           c1        c2        c3        c4        c5        c6        c7        c8        c9       c10       c11
c1     0.0000  209.2608  307.6660  446.2368  201.2031  266.9153  381.9609  263.4312 1016.9707  161.1401  620.4991
c2   209.2608    0.0000  196.9338  364.6283  185.8369  267.5248  277.4783  211.4567  945.0973  200.0771  545.4207
c3   307.6660  196.9338    0.0000  343.3906  228.1600  382.3904  278.0103  234.3595  903.0568  283.2403  519.1018
c4   446.2368  364.6283  343.3906    0.0000  327.4502  549.5615  236.8192  282.5545  701.4879  404.4452  327.8831
c5   201.2031  185.8369  228.1600  327.4502    0.0000  351.0209  280.8726  170.9251  894.6340  162.9240  496.0190
c6   266.9153  267.5248  382.3904  549.5615  351.0209    0.0000  461.6585  401.5980 1112.8398  313.8260  727.7164
c7   381.9609  277.4783  278.0103  236.8192  280.8726  461.6585    0.0000  244.5256  786.7940  349.6330  401.2591
c8   263.4312  211.4567  234.3595  282.5545  170.9251  401.5980  244.5256    0.0000  836.0255  232.4578  445.6135
c9  1016.9707  945.0973  903.0568  701.4879  894.6340 1112.8398  786.7940  836.0255    0.0000  964.8500  590.9364
c10  161.1401  200.0771  283.2403  404.4452  162.9240  313.8260  349.6330  232.4578  964.8500    0.0000  574.4246
c11  620.4991  545.4207  519.1018  327.8831  496.0190  727.7164  401.2591  445.6135  590.9364  574.4246    0.0000
c12  248.5727  211.8288  288.3574  501.7093  303.7936  282.8387  412.9238  354.0875 1065.8203  269.1605  680.2151
c13 2386.8203 2321.3353 2277.7009 2071.3723 2270.0631 2488.0486 2162.4372 2212.1736 1774.4493 2333.1612 1960.2935
          c12      c13
c1   248.5727 2386.820
c2   211.8288 2321.335
c3   288.3574 2277.701
c4   501.7093 2071.372
c5   303.7936 2270.063
c6   282.8387 2488.049
c7   412.9238 2162.437
c8   354.0875 2212.174
c9  1065.8203 1774.449
c10  269.1605 2333.161
c11  680.2151 1960.294
c12    0.0000 2439.819
c13 2439.8194    0.000

$intercls.average
            c1         c2         c3        c4         c5         c6         c7         c8       c9        c10      c11
c1     0.00000   75.62274  137.72119 319.23442  106.65994   92.73772  233.81361  165.85973 675.9640   59.14575 451.5331
c2    75.62274    0.00000   71.47114 260.01745   65.07154  150.72067  174.60716  112.60207 616.5103   57.48460 392.4230
c3   137.72119   71.47114    0.00000 204.78148   72.06316  213.29849  122.85558   78.17427 558.0998  104.99520 335.4231
c4   319.23442  260.01745  204.78148   0.00000  218.03430  401.48875   98.20681  159.15926 361.1475  270.45776 141.3608
c5   106.65994   65.07154   72.06316 218.03430    0.00000  189.48912  134.94292   67.99598 573.6911   59.53849 349.6198
c6    92.73772  150.72067  213.29849 401.48875  189.48912    0.00000  315.64742  248.62290 758.1538  139.61265 533.8050
c7   233.81361  174.60716  122.85558  98.20681  134.94292  315.64742    0.00000   80.32583 447.8672  186.40042 225.4365
c8   165.85973  112.60207   78.17427 159.15926   67.99598  248.62290   80.32583    0.00000 513.6758  117.45426 289.9704
c9   675.96400  616.51033  558.09982 361.14748  573.69111  758.15382  447.86715  513.67579   0.0000  626.27090 232.3678
c10   59.14575   57.48460  104.99520 270.45776   59.53849  139.61265  186.40042  117.45426 626.2709    0.00000 402.1267
c11  451.53313  392.42300  335.42313 141.36080  349.61981  533.80499  225.43652  289.97039 232.3678  402.12671   0.0000
c12   76.41447   71.84626  121.30941 318.75523  126.22837  114.81501  233.63174  174.84554 673.7484   98.74993 450.5024
c13 1297.38229 1237.66550 1178.24545 981.16320 1194.87838 1379.44890 1068.30381 1134.69927 625.1557 1247.45950 848.9597
           c12       c13
c1    76.41447 1297.3823
c2    71.84626 1237.6655
c3   121.30941 1178.2454
c4   318.75523  981.1632
c5   126.22837 1194.8784
c6   114.81501 1379.4489
c7   233.63174 1068.3038
c8   174.84554 1134.6993
c9   673.74845  625.1557
c10   98.74993 1247.4595
c11  450.50240  848.9597
c12    0.00000 1294.0620
c13 1294.06195    0.0000

$intercls.centroid
            c1         c2         c3        c4         c5         c6         c7         c8       c9        c10      c11
c1     0.00000   70.74524  134.11300 317.14915  102.72191   82.19185  230.48875  162.87222 674.5769   51.82317 449.6038
c2    70.74524    0.00000   64.14406 257.60594   59.67572  144.95535  170.49215  108.66751 615.0598   51.61995 390.3264
c3   134.11300   64.14406    0.00000 201.03472   65.97564  208.63241  116.05138   70.97936 556.2358  100.89044 332.5619
c4   317.14915  257.60594  201.03472   0.00000  215.11727  398.63409   87.20971  154.51066 357.8062  268.26705 132.8178
c5   102.72191   59.67572   65.97564 215.11727    0.00000  184.85230  129.33788   60.61710 572.1062   53.26855 347.2219
c6    82.19185  144.95535  208.63241 398.63409  184.85230    0.00000  311.67324  244.73438 756.2806  133.58402 531.2699
c7   230.48875  170.49215  116.05138  87.20971  129.33788  311.67324    0.00000   69.08025 444.9817  182.58624 220.0241
c8   162.87222  108.66751   70.97936 154.51066   60.61710  244.73438   69.08025    0.00000 511.7264  113.83037 286.7609
c9   674.57687  615.05985  556.23577 357.80624  572.10617  756.28062  444.98173  511.72640   0.0000  624.88122 225.0379
c10   51.82317   51.61995  100.89044 268.26705   53.26855  133.58402  182.58624  113.83037 624.8812    0.00000 400.1366
c11  449.60384  390.32644  332.56191 132.81777  347.22186  531.26992  220.02411  286.76095 225.0379  400.13660   0.0000
c12   68.69835   63.44866  115.99250 316.35535  122.05241  105.82520  230.03845  171.41843 672.2098   93.50835 448.3714
c13 1296.58043 1236.85491 1177.24064 979.83665 1194.03022 1378.33524 1066.98911 1133.72593 622.0628 1246.67395 847.0880
           c12       c13
c1    68.69835 1296.5804
c2    63.44866 1236.8549
c3   115.99250 1177.2406
c4   316.35535  979.8366
c5   122.05241 1194.0302
c6   105.82520 1378.3352
c7   230.03845 1066.9891
c8   171.41843 1133.7259
c9   672.20980  622.0628
c10   93.50835 1246.6740
c11  448.37144  847.0880
c12    0.00000 1293.1421
c13 1293.14211    0.0000

$intercls.ave_to_cent
            c1         c2         c3        c4         c5         c6         c7         c8       c9        c10      c11
c1     0.00000   73.09027  135.83660 318.04736  104.66524   86.46594  231.97731  164.35424 674.9420   55.41844 450.2070
c2    73.09027    0.00000   67.52137 258.55340   62.28684  146.98083  172.21273  110.56330 615.3767   54.48131 390.8903
c3   135.83660   67.52137    0.00000 202.81207   68.63330  210.74843  119.40066   74.44122 556.8196  102.75737 333.6266
c4   318.04736  258.55340  202.81207   0.00000  216.27015  400.06181   92.76673  156.65681 359.1171  269.10560 136.4784
c5   104.66524   62.28684   68.63330 216.27015    0.00000  186.47202  131.64462   64.18933 572.4681   56.39206 347.8818
c6    86.46594  146.98083  210.74843 400.06181  186.47202    0.00000  313.62072  246.38730 757.2118  135.70386 532.5631
c7   231.97731  172.21273  119.40066  92.76673  131.64462  313.62072    0.00000   74.53995 446.2378  184.14975 222.5582
c8   164.35424  110.56330   74.44122 156.65681   64.18933  246.38730   74.53995    0.00000 512.3095  115.55774 287.8939
c9   674.94200  615.37675  556.81960 359.11708  572.46805  757.21178  446.23778  512.30953   0.0000  625.15888 228.2835
c10   55.41844   54.48131  102.75737 269.10560   56.39206  135.70386  184.14975  115.55774 625.1589    0.00000 400.6366
c11  450.20698  390.89030  333.62657 136.47840  347.88179  532.56314  222.55820  287.89389 228.2835  400.63661   0.0000
c12   72.16337   67.22895  118.61900 317.51237  123.82509  110.00465  231.83960  173.08779 672.7024   95.72089 449.1859
c13 1296.76077 1237.00186 1177.50177 980.29884 1194.19394 1378.85081 1067.50867 1133.97545 623.3081 1246.80246 847.8924
           c12       c13
c1    72.16337 1296.7608
c2    67.22895 1237.0019
c3   118.61900 1177.5018
c4   317.51237  980.2988
c5   123.82509 1194.1939
c6   110.00465 1378.8508
c7   231.83960 1067.5087
c8   173.08779 1133.9754
c9   672.70241  623.3081
c10   95.72089 1246.8025
c11  449.18590  847.8924
c12    0.00000 1293.3818
c13 1293.38183    0.0000

$intercls.hausdorff
            c1        c2         c3         c4         c5         c6         c7         c8        c9        c10       c11
c1     0.00000  116.8178  170.46798  316.27405  129.04295   70.26032  253.17584  183.62145  612.6770   70.10541  427.3233
c2    85.37325    0.0000   70.46318  252.75855   72.37023  133.19134  165.00791  109.92911  549.2598   90.42757  363.2628
c3   196.12834  124.3558    0.00000  212.05690  122.54668  249.54321  118.81518  116.89177  506.2445  171.07787  322.9681
c4   353.74136  294.4815  227.30011    0.00000  253.40244  423.21215  110.77868  192.55111  297.0491  312.54370  113.4580
c5   122.42184  100.6061  105.74988  200.71604    0.00000  183.60374  127.27114   59.88047  497.1589   59.40652  312.0923
c6   155.05068  197.2979  251.07586  418.87790  255.66181    0.00000  344.12262  297.18483  715.2778  216.92130  530.6564
c7   275.13712  207.1344  154.46020   95.60901  187.55353  332.84801    0.00000  118.68514  391.1014  244.02308  207.0305
c8   187.99474  142.9914  109.62181  143.58439   73.14735  253.70300   74.03212    0.00000  440.0855  128.04590  254.1254
c9   936.00775  873.1475  777.50786  583.03585  834.02934 1005.06851  692.53284  762.85342    0.0000  889.67638  409.5986
c10   72.52620  109.3580  147.48216  263.43292   79.08234  132.20006  204.87331  132.68717  559.1652    0.00000  374.3524
c11  534.12681  474.8766  401.08177  181.01565  429.57298  602.59401  289.04633  368.46538  186.2203  488.49092    0.0000
c12  128.18337  148.7207  163.05816  373.93099  207.66092  138.28077  281.23521  249.08535  668.7387  169.50083  485.8299
c13 2312.13505 2249.3653 2151.74978 1959.23904 2206.19192 2381.20301 2068.68869 2133.34458 1376.2512 2259.91834 1784.9413
           c12       c13
c1   122.27444 1039.2950
c2    64.03702  968.1604
c3   128.19308  923.9140
c4   341.72392  723.5861
c5   152.91036  917.9591
c6   148.70743 1136.0418
c7   260.95726  808.5034
c8   204.83735  859.3498
c9   904.42924  432.2801
c10  123.42586  986.9354
c11  518.73544  612.8249
c12    0.00000 1086.3248
c13 2278.80531    0.0000

$cluster.center
         [,1]       [,2]     [,3]       [,4]     [,5]
c1  108.90474 -11.330985 3.385360  149.88136 5.938157
c2  146.28569  -8.564634 3.630634  209.87993 6.052465
c3  168.06221  -8.760588 3.755231  270.21370 6.214331
c4  125.16805 -10.469990 3.798561  466.61151 6.369990
c5  104.51569  -9.413445 3.697397  252.49106 5.893384
c6  116.61397 -13.531767 3.156602   68.08188 5.806551
c7  129.00294  -9.989129 3.794854  379.48748 6.372045
c8  111.24004 -10.002373 3.731537  312.73104 6.006487
c9  120.23575 -15.247297 4.054054  824.35135 5.828829
c10  95.65736 -10.362913 3.583213  199.97298 5.964337
c11 120.47109 -12.122181 3.769737  599.33553 6.049342
c12 177.41662  -9.519612 3.335714  154.60286 5.843571
c13 119.11432 -16.356176 3.647059 1446.41176 6.352941

$cluster.size
 [1] 2377 2840 1577  973 3189  977 1438 2004  111 2776  304 1400   34

attr(,"class")
[1] "cls.list"

[1] "**********************************************************************************************************"

Memory  taken for K15 execution is            [,1]
"kmeansf" 53.3

Time  taken for K15 execution is  [1] 0.48

K15 silhoutee total average is 0.313153 
K15 silhoutee all values are Silhouette of 888 units in 13 clusters from silhouette.default(x = thresholdclusters, dist = dist(thresholddata)) :
 Cluster sizes and average silhouette widths:
      119         9        22       116         2        64        38       110        40       132        93        59 
0.3265733 0.3261520 0.3643870 0.3312967 0.1959094 0.2342964 0.2610087 0.3328539 0.3357802 0.3106410 0.2735421 0.3556356 
       84 
0.3221303 
Individual silhouette widths:
    Min.  1st Qu.   Median     Mean  3rd Qu.     Max. 
-0.08549  0.16920  0.32610  0.31320  0.46460  0.61610 

Intra and inter cluster distances for K15 is $intracls.complete
           c1       c2       c3       c4       c5       c6       c7       c8       c9      c10     c11      c12      c13
[1,] 93.86851 371.8851 176.4471 69.00826 489.6712 127.3731 125.2039 105.4904 154.2918 90.86315 107.717 184.7533 136.1131

$intracls.average
           c1       c2       c3       c4       c5       c6       c7       c8       c9      c10      c11      c12      c13
[1,] 34.29386 148.9299 73.49264 28.24934 489.6712 45.41521 49.66487 34.97474 53.94283 31.39937 37.11841 56.31379 45.71065

$intracls.centroid
           c1       c2       c3       c4       c5      c6       c7       c8       c9      c10      c11      c12      c13
[1,] 24.67706 97.61572 51.14357 20.43978 244.8356 32.2697 35.29183 25.02536 37.93547 22.38053 26.64934 39.15787 32.62269

$intercls.single
            c1        c2        c3         c4        c5         c6          c7          c8         c9         c10
c1    0.000000 374.03861 190.60740   6.470514  931.0124   7.224368  109.106681   62.558733  129.55839    6.064448
c2  374.038614   0.00000  37.33068 425.569675  190.8786 329.312064  534.137563  508.720414  577.14624  449.583595
c3  190.607397  37.33068   0.00000 238.412719  592.0344 147.174738  351.366052  322.298764  392.18723  265.482634
c4    6.470514 425.56967 238.41272   0.000000  978.2221   7.954971   60.090325   22.255608   93.63250    5.458626
c5  931.012351 190.87857 592.03436 978.222104    0.0000 883.673918 1087.924712 1062.685702 1132.91974 1006.190861
c6    7.224368 329.31206 147.17474   7.954971  883.6739   0.000000   79.741819   79.871077  150.19759   50.298571
c7  109.106681 534.13756 351.36605  60.090325 1087.9247  79.741819    0.000000    8.824377   11.53524   49.740720
c8   62.558733 508.72041 322.29876  22.255608 1062.6857  79.871077    8.824377    0.000000   11.17341    7.540169
c9  129.558390 577.14624 392.18723  93.632497 1132.9197 150.197590   11.535243   11.173409    0.00000   65.496026
c10   6.064448 449.58360 265.48263   5.458626 1006.1909  50.298571   49.740720    7.540169   65.49603    0.000000
c11  52.444183 456.91075 274.20075   6.419852 1009.7452  11.296499    7.586337    6.724193   57.28809    6.815181
c12  86.060618 196.10139  11.22279 131.231865  747.7701  32.177951  234.054685  215.346833  285.62780  160.135665
c13   7.887369 297.74672 113.54526  46.001312  853.3504   9.313791  162.713281  129.797919  200.63950   76.808241
            c11        c12        c13
c1    52.444183  86.060618   7.887369
c2   456.910754 196.101389 297.746716
c3   274.200754  11.222789 113.545255
c4     6.419852 131.231865  46.001312
c5  1009.745212 747.770080 853.350396
c6    11.296499  32.177951   9.313791
c7     7.586337 234.054685 162.713281
c8     6.724193 215.346833 129.797919
c9    57.288094 285.627801 200.639504
c10    6.815181 160.135665  76.808241
c11    0.000000 162.373041  91.121445
c12  162.373041   0.000000   8.941482
c13   91.121445   8.941482   0.000000

$intercls.complete
           c1        c2        c3        c4       c5        c6        c7        c8        c9       c10       c11
c1     0.0000  815.0683  412.1077  138.4791 1493.298  198.6409  311.1223  204.4132  303.0641  156.8060  213.1211
c2   815.0683    0.0000  552.0142  851.4899 1046.748  819.6553 1014.9831  940.2574 1031.9666  886.9814  899.1153
c3   412.1077  552.0142    0.0000  451.4608 1230.504  434.3282  623.9877  539.2567  631.4406  485.5054  501.3707
c4   138.4791  851.4899  451.4608    0.0000 1530.673  183.5776  240.3292  160.0095  253.4550  147.2309  140.6264
c5  1493.2976 1046.7477 1230.5042 1530.6732    0.000 1498.3098 1693.8726 1619.3013 1710.7730 1562.7495 1578.5563
c6   198.6409  819.6553  434.3282  183.5776 1498.310    0.0000  323.0253  282.2990  374.7220  259.4617  219.0087
c7   311.1223 1014.9831  623.9877  240.3292 1693.873  323.0253    0.0000  204.1869  236.6985  253.6350  196.4154
c8   204.4132  940.2574  539.2567  160.0095 1619.301  282.2990  204.1869    0.0000  177.6361  137.8281  199.8227
c9   303.0641 1031.9666  631.4406  253.4550 1710.773  374.7220  236.6985  177.6361    0.0000  239.5859  257.4046
c10  156.8060  886.9814  485.5054  147.2309 1562.750  259.4617  253.6350  137.8281  239.5859    0.0000  197.7391
c11  213.1211  899.1153  501.3707  140.6264 1578.556  219.0087  196.4154  199.8227  257.4046  197.7391    0.0000
c12  262.8808  664.2045  290.8286  294.3038 1341.902  290.0191  469.2092  383.2863  476.7851  340.6485  345.0790
c13  182.0444  743.4667  343.8739  196.4067 1422.621  220.4849  378.4396  281.2618  377.2169  250.0289  257.2189
          c12       c13
c1   262.8808  182.0444
c2   664.2045  743.4667
c3   290.8286  343.8739
c4   294.3038  196.4067
c5  1341.9022 1422.6208
c6   290.0191  220.4849
c7   469.2092  378.4396
c8   383.2863  281.2618
c9   476.7851  377.2169
c10  340.6485  250.0289
c11  345.0790  257.2189
c12    0.0000  203.6938
c13  203.6938    0.0000

$intercls.average
            c1       c2       c3         c4        c5         c6         c7         c8         c9        c10        c11
c1     0.00000 525.2776 287.8587   58.67256 1214.9464   77.67565  175.07784  122.96055  207.09658   72.83615  107.79811
c2   525.27764   0.0000 245.4133  564.00067  692.3168  515.78995  680.12613  643.94273  728.83221  593.09159  606.57184
c3   287.85871 245.4133   0.0000  325.69717  931.0356  279.44879  442.56254  405.71223  490.67502  355.37510  368.91317
c4    58.67256 564.0007 325.6972    0.00000 1254.0621   69.58648  125.91890   87.77512  171.10442   54.17277   58.84863
c5  1214.94638 692.3168 931.0356 1254.06207    0.0000 1204.26718 1369.22656 1334.09711 1418.93012 1282.91484 1295.90275
c6    77.67565 515.7900 279.4488   69.58648 1204.2672    0.00000  169.21823  148.08092  229.14727  113.32878   98.73587
c7   175.07784 680.1261 442.5625  125.91890 1369.2266  169.21823    0.00000   83.79893  100.06237  122.53124   82.37627
c8   122.96055 643.9427 405.7122   87.77512 1334.0971  148.08092   83.79893    0.00000   93.06142   60.45636   72.99195
c9   207.09658 728.8322 490.6750  171.10442 1418.9301  229.14727  100.06237   93.06142    0.00000  140.88287  142.91320
c10   72.83615 593.0916 355.3751   54.17277 1282.9148  113.32878  122.53124   60.45636  140.88287    0.00000   74.82379
c11  107.79811 606.5718 368.9132   58.84863 1295.9027   98.73587   82.37627   72.99195  142.91320   74.82379    0.00000
c12  172.42018 361.2309 128.2279  208.56229 1049.5118  165.57227  325.66031  288.39392  373.23491  238.92900  252.24443
c13   83.48709 451.2410 214.3931  118.77737 1140.6138   89.04869  237.93679  196.83113  281.65759  147.68763  165.14279
          c12        c13
c1   172.4202   83.48709
c2   361.2309  451.24098
c3   128.2279  214.39313
c4   208.5623  118.77737
c5  1049.5118 1140.61376
c6   165.5723   89.04869
c7   325.6603  237.93679
c8   288.3939  196.83113
c9   373.2349  281.65759
c10  238.9290  147.68763
c11  252.2444  165.14279
c12    0.0000  102.04663
c13  102.0466    0.00000

$intercls.centroid
            c1       c2       c3         c4        c5         c6         c7         c8         c9        c10        c11
c1     0.00000 523.6854 285.3333   52.26511 1214.8026   70.88097  171.97833  119.63494  203.97486   68.03432  103.32700
c2   523.68536   0.0000 239.0057  562.60265  691.4166  513.72318  678.62010  642.58100  727.27569  591.70673  605.00581
c3   285.33327 239.0057   0.0000  323.62246  930.3985  276.19047  440.56005  403.78583  488.53979  353.34142  366.69773
c4    52.26511 562.6027 323.6225    0.00000 1253.9465   62.05562  122.01723   83.88701  167.41162   47.98823   51.16509
c5  1214.80258 691.4166 930.3985 1253.94650    0.0000 1203.90691 1368.91213 1333.91731 1418.57139 1282.77997 1295.64741
c6    70.88097 513.7232 276.1905   62.05562 1203.9069    0.00000  165.02845  144.27166  225.30844  108.61496   92.11577
c7   171.97833 678.6201 440.5601  122.01723 1368.9121  165.02845    0.00000   76.78511   89.59390  118.44324   74.03278
c8   119.63494 642.5810 403.7858   83.88701 1333.9173  144.27166   76.78511    0.00000   84.80881   53.06420   67.95597
c9   203.97486 727.2757 488.5398  167.41162 1418.5714  225.30844   89.59390   84.80881    0.00000  136.29047  137.66912
c10   68.03432 591.7067 353.3414   47.98823 1282.7800  108.61496  118.44324   53.06420  136.29047    0.00000   70.11257
c11  103.32700 605.0058 366.6977   51.16509 1295.6474   92.11577   74.03278   67.95597  137.66912   70.11257    0.00000
c12  168.01384 357.5442 118.5459  205.08121 1048.9274  159.68788  322.80999  285.55679  370.32996  235.76811  248.81464
c13   76.85854 448.8745 209.9589  114.59194 1140.2753   80.41253  234.93276  193.86294  278.64252  144.18275  161.19914
           c12        c13
c1   168.01384   76.85854
c2   357.54423  448.87448
c3   118.54595  209.95886
c4   205.08121  114.59194
c5  1048.92739 1140.27527
c6   159.68788   80.41253
c7   322.80999  234.93276
c8   285.55679  193.86294
c9   370.32996  278.64252
c10  235.76811  144.18275
c11  248.81464  161.19914
c12    0.00000   91.73824
c13   91.73824    0.00000

$intercls.ave_to_cent
            c1       c2       c3         c4        c5         c6         c7         c8         c9        c10        c11
c1     0.00000 524.0660 286.1194   55.45565 1214.9359   73.99325  173.29458  121.27798  205.15742   70.35913  105.53437
c2   524.06601   0.0000 241.6664  562.89651  692.0552  514.47813  679.21470  642.98774  727.98772  592.03492  605.50597
c3   286.11943 241.6664   0.0000  324.22082  930.9367  277.63184  441.49716  404.48411  489.58800  353.96178  367.57445
c4    55.45565 562.8965 324.2208    0.00000 1254.0463   65.28244  123.52015   85.79815  168.71455   51.08148   54.91845
c5  1214.93595 692.0552 930.9367 1254.04629    0.0000 1204.18436 1369.15076 1334.08775 1418.90280 1282.90495 1295.84736
c6    73.99325 514.4781 277.6318   65.28244 1204.1844    0.00000  167.10622  146.02871  227.14435  110.71302   95.32953
c7   173.29458 679.2147 441.4972  123.52015 1369.1508  167.10622    0.00000   79.70880   94.85592  119.99508   77.92534
c8   121.27798 642.9877 404.4841   85.79815 1334.0877  146.02871   79.70880    0.00000   88.29441   56.70602   70.32785
c9   205.15742 727.9877 489.5880  168.71455 1418.9028  227.14435   94.85592   88.29441    0.00000  138.00262  139.83468
c10   70.35913 592.0349 353.9618   51.08148 1282.9050  110.71302  119.99508   56.70602  138.00262    0.00000   72.34228
c11  105.53437 605.5060 367.5744   54.91845 1295.8474   95.32953   77.92534   70.32785  139.83468   72.34228    0.00000
c12  169.79328 359.1785 123.1460  206.45697 1049.4555  162.60066  324.31295  286.78717  371.80612  237.01072  250.39250
c13   79.89416 449.7617 211.9076  116.52235 1140.5885   84.70362  236.44914  195.30373  280.06347  145.79494  163.16079
           c12        c13
c1   169.79328   79.89416
c2   359.17853  449.76167
c3   123.14604  211.90762
c4   206.45697  116.52235
c5  1049.45551 1140.58853
c6   162.60066   84.70362
c7   324.31295  236.44914
c8   286.78717  195.30373
c9   371.80612  280.06347
c10  237.01072  145.79494
c11  250.39250  163.16079
c12    0.00000   96.69719
c13   96.69719    0.00000

$intercls.hausdorff
            c1       c2        c3         c4        c5         c6         c7         c8         c9        c10        c11
c1     0.00000 447.6056  263.1245   81.50336 1003.6647   94.58399  186.04343  138.08071  203.98367   76.85367  131.29581
c2   742.60311   0.0000  404.9477  788.58676  557.6190  692.83673  897.32992  873.16089  943.70878  817.39799  819.12205
c3   339.00539 192.3863    0.0000  389.24922  740.8364  313.20076  504.42579  472.79649  541.60087  414.75588  427.86893
c4    57.23845 487.6601  300.8272    0.00000 1041.0690   63.11390  118.90018   85.27867  157.04047   59.58227   56.39438
c5  1420.46269 679.4745 1081.4821 1467.80452    0.0000 1371.16672 1575.85113 1552.29736 1622.58500 1495.82981 1498.32640
c6   107.44039 456.4253  274.0032  122.85558 1010.4681    0.00000  204.94067  202.38367  273.52380  171.36532  130.66715
c7   233.88984 652.0146  469.5299  184.50996 1205.7152  195.76404    0.00000  118.28805  123.27618  174.18896  124.82038
c8   128.94377 575.1769  389.0037  103.32203 1129.6546  162.72301  101.03475    0.00000   72.66721   70.63677   95.50387
c9   227.68220 667.4116  480.9243  191.28674 1221.1072  253.03699  120.14071  101.79641    0.00000  167.47724  166.32991
c10   77.81181 516.1620  337.4701   89.00483 1073.7677  138.15473  133.90310   67.79786  129.62422    0.00000   91.59567
c11  129.70027 537.8165  349.8989   75.18448 1089.1661   93.82281   78.64388   97.95244  147.37849  108.64181    0.00000
c12  189.34762 300.4631  119.6875  231.46552  855.0380  180.57564  348.24132  316.05629  387.18023  262.88410  273.99197
c13   94.46786 380.2888  193.0478  138.94219  933.0229  105.28375  255.33953  213.95179  280.66620  164.20732  189.84291
           c12        c13
c1   159.15659   75.60022
c2   557.67133  663.81867
c3   160.70438  263.22303
c4   193.74215  108.26759
c5  1237.11153 1342.94722
c6   157.75788  118.22176
c7   353.15956  283.96824
c8   282.21016  196.90065
c9   374.25920  289.88159
c10  233.41335  153.03805
c11  243.29736  161.10030
c12    0.00000  107.75494
c13   86.06097    0.00000

$cluster.center
         [,1]       [,2]     [,3]       [,4]     [,5]
c1   99.64439 -10.116021 3.694864  271.01677 5.904166
c2  119.55515 -15.082536 3.799595  794.29990 5.871623
c3  123.41585 -11.299434 3.795339  555.35552 6.144943
c4  134.30915  -8.727491 3.694496  231.92670 6.090268
c5  115.19887 -17.041500 3.800000 1485.70000 6.100000
c6  169.49073  -9.183896 3.740619  283.04357 6.197273
c7  178.68054 -10.403275 3.173112  118.27687 5.946608
c8  109.61157 -11.487834 3.394493  151.80603 5.921363
c9  105.21091 -14.522436 3.176209   67.16617 5.845165
c10  95.99532 -10.384699 3.586517  203.08111 5.781561
c11 165.05641  -9.273135 3.516062  191.03559 5.845036
c12 126.58855 -10.441113 3.827741  436.85523 6.283495
c13 118.79744 -10.585334 3.725003  345.44869 6.158404

$cluster.size
 [1] 119   9  22 116   2  64  38 110  40 132  93  59  84

attr(,"class")
[1] "cls.list"

[1] "**********************************************************************************************************"

Memory  taken for K20 execution is            [,1]
"kmeansf" 44.8

Time  taken for K20 execution is  [1] 0.6

K20 silhoutee total average is 0.309522 
K20 silhoutee all values are Silhouette of 642 units in 13 clusters from silhouette.default(x = thresholdclusters, dist = dist(thresholddata)) :
 Cluster sizes and average silhouette widths:
       35        84       100         9        20         2        54        41        73        44        91        53 
0.2377393 0.3467337 0.3346448 0.3295219 0.3924242 0.1837471 0.2444669 0.3148350 0.3288731 0.2713922 0.3051026 0.3148170 
       36 
0.2808990 
Individual silhouette widths:
   Min. 1st Qu.  Median    Mean 3rd Qu.    Max. 
-0.1361  0.1614  0.3281  0.3095  0.4599  0.6145 

Intra and inter cluster distances for K20 is $intracls.complete
           c1       c2       c3       c4       c5       c6       c7       c8       c9      c10      c11      c12      c13
[1,] 116.8048 87.09078 92.69691 277.3143 136.1517 465.5387 115.4811 166.0775 100.7552 114.2806 84.06233 100.7961 182.2566

$intracls.average
          c1       c2       c3       c4       c5       c6       c7       c8       c9      c10      c11      c12      c13
[1,] 45.8465 30.28555 32.30776 124.5109 61.29653 465.5387 41.73087 53.30809 35.60794 45.77147 32.39007 38.42551 61.05118

$intracls.centroid
           c1       c2       c3       c4       c5       c6       c7       c8      c9     c10      c11     c12      c13
[1,] 32.66051 21.53962 23.22858 82.92413 42.10775 232.7694 29.70244 37.26292 25.4432 32.3816 23.34052 27.4305 42.61568

$intercls.single
            c1         c2         c3        c4        c5        c6         c7         c8         c9        c10        c11
c1    0.000000  87.075309  22.692636 248.76154  99.10711  754.8531  10.035649   9.862972 128.639252 118.944061  63.166495
c2   87.075309   0.000000   5.636052 401.34598 246.14127  907.9560  34.600993 148.777171   7.703553  32.540775   7.340807
c3   22.692636   5.636052   0.000000 339.89501 188.85869  847.4208   8.333321  89.535782  52.748810  67.815737   6.738971
c4  248.761543 401.345985 339.895007   0.00000  34.46052  230.3246 326.786429 158.818764 452.772156 440.851980 389.058900
c5   99.107111 246.141274 188.858686  34.46052   0.00000  537.6441 176.442898  12.038095 300.819502 289.491235 239.448445
c6  754.853061 907.956010 847.420787 230.32463 537.64410    0.0000 831.497712 666.351164 960.309464 944.454318 896.475242
c7   10.035649  34.600993   8.333321 326.78643 176.44290  831.4977   0.000000  85.094796  67.696850  22.646915   7.632860
c8    9.862972 148.777171  89.535782 158.81876  12.03809  666.3512  85.094796   0.000000 201.097659 197.999695 139.028395
c9  128.639252   7.703553  52.748810 452.77216 300.81950  960.3095  67.696850 201.097659   0.000000   8.820395   8.529887
c10 118.944061  32.540775  67.815737 440.85198 289.49124  944.4543  22.646915 197.999695   8.820395   0.000000   8.217337
c11  63.166495   7.340807   6.738971 389.05890 239.44845  896.4752   7.632860 139.028395   8.529887   8.217337   0.000000
c12   9.712056  60.031128   7.765888 260.19250 103.72360  765.1091  10.076081  14.002587 116.142553 121.321027  55.709805
c13 196.651416  70.050284 121.340921 521.47417 369.41652 1029.0149 128.819918 269.644688  11.528161  17.043208  68.888344
           c12        c13
c1    9.712056  196.65142
c2   60.031128   70.05028
c3    7.765888  121.34092
c4  260.192504  521.47417
c5  103.723595  369.41652
c6  765.109109 1029.01488
c7   10.076081  128.81992
c8   14.002587  269.64469
c9  116.142553   11.52816
c10 121.321027   17.04321
c11  55.709805   68.88834
c12   0.000000  184.80590
c13 184.805904    0.00000

$intercls.complete
           c1        c2        c3       c4        c5        c6        c7        c8        c9       c10       c11
c1     0.0000  277.7336  217.5702 603.8898  303.9528 1299.4061  188.9708  219.1364  310.9497  301.5338  223.8538
c2   277.7336    0.0000  143.8611 741.4029  439.3117 1435.6720  211.6038  325.8644  148.0923  215.3868  163.3168
c3   217.5702  143.8611    0.0000 678.1858  372.3334 1373.7597  188.7903  260.3891  184.7075  238.7332  163.1123
c4   603.8898  741.4029  678.1858   0.0000  431.8847  972.9902  700.3452  529.6830  794.8115  823.8664  733.4917
c5   303.9528  439.3117  372.3334 431.8847    0.0000 1126.7091  403.3166  224.9900  489.8056  522.0902  427.2668
c6  1299.4061 1435.6720 1373.7597 972.9902 1126.7091    0.0000 1393.0274 1225.1949 1490.0784 1517.9301 1429.0794
c7   188.9708  211.6038  188.7903 700.3452  403.3166 1393.0274    0.0000  294.4897  235.7460  221.5310  146.4711
c8   219.1364  325.8644  260.3891 529.6830  224.9900 1225.1949  294.4897    0.0000  365.3334  399.9320  298.3248
c9   310.9497  148.0923  184.7075 794.8115  489.8056 1490.0784  235.7460  365.3334    0.0000  199.1028  170.7063
c10  301.5338  215.3868  238.7332 823.8664  522.0902 1517.9301  221.5310  399.9320  199.1028    0.0000  167.7128
c11  223.8538  163.3168  163.1123 733.4917  427.2668 1429.0794  146.4711  298.3248  170.7063  167.7128    0.0000
c12  192.4295  206.8758  153.5482 617.7936  314.5098 1312.8314  224.3816  224.0105  272.0238  320.4655  217.2065
c13  400.0951  252.6377  282.1278 888.5283  582.1672 1584.1065  323.2178  456.5183  201.7252  252.5843  244.2918
          c12       c13
c1   192.4295  400.0951
c2   206.8758  252.6377
c3   153.5482  282.1278
c4   617.7936  888.5283
c5   314.5098  582.1672
c6  1312.8314 1584.1065
c7   224.3816  323.2178
c8   224.0105  456.5183
c9   272.0238  201.7252
c10  320.4655  252.5843
c11  217.2065  244.2918
c12    0.0000  365.5068
c13  365.5068    0.0000

$intercls.average
            c1         c2         c3       c4       c5        c6         c7        c8         c9        c10        c11
c1     0.00000  159.00706  105.95837 380.7313 185.0729 1025.6566   89.80591  93.94099  202.79970  200.00631  140.13761
c2   159.00706    0.00000   62.42136 522.5825 325.2562 1168.9150  101.97470 225.97862   60.95469  104.44954   57.70644
c3   105.95837   62.42136    0.00000 466.8898 269.4950 1113.2304   70.13665 170.67236  110.73420  133.99525   67.57343
c4   380.73133  522.58246  466.88978   0.0000 204.9716  649.2633  461.68160 303.18100  573.14738  575.96045  514.50847
c5   185.07294  325.25619  269.49499 204.9716   0.0000  847.0680  265.22340 110.46645  375.25368  379.00008  316.63134
c6  1025.65656 1168.91504 1113.23041 649.2633 847.0680    0.0000 1106.80463 947.72794 1219.93748 1221.36174 1161.00319
c7    89.80591  101.97470   70.13665 461.6816 265.2234 1106.8046    0.00000 169.55309  132.29017  120.05617   68.21198
c8    93.94099  225.97862  170.67236 303.1810 110.4665  947.7279  169.55309   0.00000  275.49890  281.35249  217.83408
c9   202.79970   60.95469  110.73420 573.1474 375.2537 1219.9375  132.29017 275.49890    0.00000   76.79410   73.92463
c10  200.00631  104.44954  133.99525 575.9605 379.0001 1221.3617  120.05617 281.35249   76.79410    0.00000   75.65198
c11  140.13761   57.70644   67.57343 514.5085 316.6313 1161.0032   68.21198 217.83408   73.92463   75.65198    0.00000
c12   68.03878  123.53592   70.98174 402.5899 206.1008 1048.4180   92.78015 109.64409  174.34069  191.19245  123.64188
c13  283.78921  141.58694  194.11957 655.8516 458.0866 1302.5130  208.44248 358.36230   93.45994  113.22126  150.49666
           c12        c13
c1    68.03878  283.78921
c2   123.53592  141.58694
c3    70.98174  194.11957
c4   402.58991  655.85161
c5   206.10085  458.08659
c6  1048.41803 1302.51302
c7    92.78015  208.44248
c8   109.64409  358.36230
c9   174.34069   93.45994
c10  191.19245  113.22126
c11  123.64188  150.49666
c12    0.00000  257.96227
c13  257.96227    0.00000

$intercls.centroid
            c1         c2         c3       c4       c5        c6         c7        c8         c9        c10        c11
c1     0.00000  155.85341  101.07863 377.8034 180.5384 1025.2587   81.99175  83.72428  199.91584  196.60934  136.17822
c2   155.85341    0.00000   56.58334 520.9811 323.4452 1168.7222   97.38677 223.16693   53.73066   99.67643   51.84263
c3   101.07863   56.58334    0.00000 465.0223 267.1913 1113.0187   63.81999 166.74907  106.90119  130.23677   62.43237
c4   377.80336  520.98112  465.02230   0.0000 198.3005  648.2391  459.53177 298.89841  571.57010  574.26706  512.84925
c5   180.53839  323.44525  267.19130 198.3005   0.0000  846.5131  262.52660 100.65537  373.48175  377.09357  314.71019
c6  1025.25873 1168.72218 1113.01872 648.2391 846.5131    0.0000 1106.51795 947.12501 1219.70961 1221.10704 1160.84288
c7    81.99175   97.38677   63.81999 459.5318 262.5266 1106.5179    0.00000 164.77221  128.17634  114.75596   59.73063
c8    83.72428  223.16693  166.74907 298.8984 100.6554  947.1250  164.77221   0.00000  272.84428  278.39446  214.63348
c9   199.91584   53.73066  106.90119 571.5701 373.4818 1219.7096  128.17634 272.84428    0.00000   69.37166   68.76779
c10  196.60934   99.67643  130.23677 574.2671 377.0936 1221.1070  114.75596 278.39446   69.37166    0.00000   68.32165
c11  136.17822   51.84263   62.43237 512.8492 314.7102 1160.8429   59.73063 214.63348   68.76779   68.32165    0.00000
c12   57.88407  120.64432   65.01198 400.3442 202.9297 1048.1756   88.29349 103.14479  171.90096  188.65232  120.85272
c13  279.80540  135.37610  189.37713 653.6778 455.4927 1301.8889  203.21654 354.84471   82.49961  103.70295  144.30556
           c12        c13
c1    57.88407  279.80540
c2   120.64432  135.37610
c3    65.01198  189.37713
c4   400.34421  653.67783
c5   202.92972  455.49271
c6  1048.17559 1301.88893
c7    88.29349  203.21654
c8   103.14479  354.84471
c9   171.90096   82.49961
